2015 282 0 0 0. 2501.10 187.31 10.30 30.34 1.67 1014.50 292.06 2313.79 -46.50 25.20 4.90 25.50
2015 282 1 0 0. 2496.90 183.80 9.10 29.90 1.48 1014.20 293.76 2313.10 -46.86 25.15 5.30 25.48
2015 282 2 0 0. 2499.40 185.61 8.40 30.23 1.37 1014.50 294.26 2313.79 -47.22 25.09 5.70 25.45
2015 282 3 0 0. 2488.40 175.30 8.30 28.63 1.36 1014.20 295.36 2313.10 -47.58 25.04 6.10 25.43
2015 282 4 0 0. 2482.40 170.89 7.70 28.02 1.26 1013.50 296.86 2311.51 -47.93 24.99 6.50 25.40
2015 282 5 0 0. 2471.20 161.86 8.40 26.54 1.38 1012.55 296.96 2309.34 -48.29 24.93 6.90 25.38
2015 282 6 0 0. 2471.80 163.94 10.60 26.90 1.74 1011.90 297.26 2307.86 -48.65 24.88 7.30 25.35
2015 282 7 0 0. 2468.20 161.25 7.30 26.44 1.20 1011.50 296.86 2306.95 -49.01 24.83 7.70 25.33
2015 282 8 0 0. 2463.80 157.08 8.40 25.74 1.38 1011.40 296.66 2306.72 -49.37 24.77 8.10 25.30
2015 282 9 0 0. 2466.00 158.37 10.40 25.92 1.70 1011.80 296.26 2307.63 -49.73 24.72 8.50 25.28
2015 282 10 0 0. 2452.50 144.41 7.60 23.60 1.24 1012.00 295.66 2308.09 -50.08 24.67 8.90 25.25
2015 282 11 0 0. 2441.70 132.24 8.20 21.59 1.34 1012.60 295.16 2309.46 -50.44 24.61 9.30 25.23
2015 282 12 0 0. 2431.90 121.76 8.20 19.84 1.34 1012.90 294.46 2310.14 -50.80 24.56 9.70 25.20
2015 282 13 0 0. 2418.30 107.48 8.30 17.49 1.35 1013.20 293.86 2310.82 -51.16 24.50 10.10 25.18
2015 282 14 0 0. 2415.40 104.35 9.10 16.97 1.48 1013.30 293.56 2311.05 -51.52 24.45 10.50 25.15
2015 282 15 0 0. 2409.10 98.05 8.60 15.92 1.40 1013.30 293.01 2311.05 -51.88 24.40 10.90 25.13
2015 282 16 0 0. 2397.60 87.46 7.70 14.19 1.25 1012.90 292.66 2310.14 -52.23 24.34 11.30 25.10
2015 282 17 0 0. 2393.40 83.72 7.70 13.57 1.25 1012.70 292.36 2309.68 -52.59 24.29 11.70 25.08
2015 282 18 0 0. 2398.80 89.57 7.50 14.50 1.21 1012.50 291.96 2309.23 -52.95 24.23 12.10 25.05
2015 282 19 0 0. 2388.10 79.33 8.20 12.84 1.33 1012.30 291.66 2308.77 -53.31 24.18 12.50 25.03
2015 282 20 0 0. 2382.40 74.08 8.60 11.98 1.39 1012.10 291.36 2308.32 -53.67 24.12 12.90 25.00
2015 282 21 0 0. 2374.30 66.21 7.40 10.70 1.20 1012.00 290.96 2308.09 -54.02 24.07 13.30 24.98
2015 282 22 0 0. 2373.30 64.30 7.60 10.38 1.23 1012.40 290.76 2309.00 -54.38 24.01 13.70 24.95
2015 282 23 0 0. 2369.70 60.02 8.10 9.69 1.31 1012.70 290.96 2309.68 -54.74 23.96 14.10 24.93
2015 283 0 0 0. 2375.40 65.03 11.30 10.55 1.83 1013.00 292.66 2310.37 -28.70 26.80 5.90 27.00
2015 283 1 0 0. 2375.20 65.06 10.20 10.60 1.66 1012.90 294.26 2310.14 -29.42 26.74 6.28 26.95
2015 283 2 0 0. 2373.20 63.29 8.30 10.33 1.36 1012.80 295.26 2309.91 -30.13 26.68 6.67 26.89
2015 283 3 0 0. 2368.50 59.96 8.70 9.81 1.42 1012.20 295.96 2308.54 -30.85 26.62 7.05 26.84
2015 283 4 0 0. 2374.10 66.93 8.50 10.97 1.39 1011.60 296.76 2307.17 -31.57 26.56 7.43 26.79
2015 283 5 0 0. 2390.60 84.79 9.00 13.90 1.48 1011.00 296.76 2305.81 -32.28 26.49 7.82 26.73
2015 283 6 0 0. 2393.60 88.71 11.10 14.56 1.82 1010.60 297.46 2304.89 -33.00 26.43 8.20 26.68
2015 283 7 0 0. 2393.10 88.21 7.70 14.47 1.26 1010.60 297.26 2304.89 -33.72 26.37 8.58 26.63
2015 283 8 0 0. 2404.00 98.42 8.60 16.14 1.41 1010.90 297.06 2305.58 -34.43 26.31 8.97 26.57
2015 283 9 0 0. 2417.00 109.94 10.00 18.01 1.64 1011.55 296.46 2307.06 -35.15 26.25 9.35 26.52
2015 283 10 0 0. 2433.10 124.10 8.00 20.29 1.31 1012.40 295.76 2309.00 -35.87 26.19 9.73 26.47
2015 283 11 0 0. 2439.50 127.76 8.60 20.85 1.40 1013.60 295.06 2311.74 -36.58 26.12 10.12 26.41
2015 283 12 0 0. 2429.30 114.03 8.50 18.56 1.38 1015.15 293.96 2315.27 -37.30 26.06 10.50 26.36
2015 283 13 0 0. 2437.50 119.32 8.40 19.35 1.36 1016.43 292.46 2318.18 -38.02 26.00 10.88 26.30
2015 283 14 0 0. 2441.40 122.14 9.50 19.78 1.54 1016.90 291.96 2319.26 -38.73 25.94 11.27 26.25
2015 283 15 0 0. 2402.90 83.18 8.80 13.46 1.42 1017.10 291.66 2319.72 -39.45 25.87 11.65 26.20
2015 283 16 0 0. 2384.00 64.28 8.30 10.39 1.34 1017.10 291.26 2319.72 -40.17 25.81 12.03 26.14
2015 283 17 0 0. 2391.30 71.12 8.00 11.48 1.29 1017.30 290.76 2320.18 -40.88 25.75 12.42 26.09
2015 283 18 0 0. 2395.60 75.42 7.70 12.16 1.24 1017.30 290.26 2320.18 -41.60 25.68 12.80 26.03
2015 283 19 0 0. 2387.20 67.48 8.80 10.87 1.42 1017.10 289.96 2319.72 -42.32 25.62 13.18 25.98
2015 283 20 0 0. 2383.00 63.28 9.10 10.18 1.46 1017.10 289.36 2319.72 -43.03 25.56 13.57 25.92
2015 283 21 0 0. 2370.20 49.80 7.60 7.99 1.22 1017.40 288.56 2320.40 -43.75 25.49 13.95 25.87
2015 283 22 0 0. 2368.00 46.68 7.80 7.49 1.25 1017.80 288.36 2321.32 -44.47 25.43 14.33 25.81
2015 283 23 0 0. 2365.50 42.59 8.50 6.84 1.36 1018.50 288.66 2322.91 -45.18 25.36 14.72 25.76
2015 284 0 0 0. 2367.70 43.19 9.50 6.95 1.53 1019.20 289.66 2324.51 -32.90 24.10 4.80 24.40
2015 284 1 0 0. 2368.70 43.74 8.80 7.06 1.42 1019.40 290.56 2324.96 -32.11 24.05 4.96 24.39
2015 284 2 0 0. 2369.30 44.34 8.00 7.18 1.29 1019.40 291.76 2324.96 -31.32 24.00 5.12 24.38
2015 284 3 0 0. 2369.50 45.22 7.90 7.34 1.28 1019.10 292.66 2324.28 -30.54 23.95 5.27 24.38
2015 284 4 0 0. 2378.70 55.56 7.30 9.04 1.19 1018.60 294.06 2323.14 -29.75 23.90 5.43 24.37
2015 284 5 0 0. 2377.10 55.33 8.20 9.02 1.34 1018.00 294.56 2321.77 -28.96 23.85 5.59 24.36
2015 284 6 0 0. 2383.40 62.54 9.60 10.20 1.57 1017.60 294.96 2320.86 -28.17 23.81 5.75 24.35
2015 284 7 0 0. 2385.10 65.61 6.80 10.70 1.11 1017.00 294.96 2319.49 -27.39 23.76 5.91 24.34
2015 284 8 0 0. 2386.90 66.27 8.30 10.81 1.35 1017.50 294.86 2320.63 -26.60 23.71 6.07 24.33
2015 284 9 0 0. 2389.40 68.31 9.40 11.13 1.53 1017.70 294.26 2321.09 -25.81 23.66 6.22 24.33
2015 284 10 0 0. 2385.60 63.60 7.30 10.33 1.19 1018.10 293.33 2322.00 -25.02 23.61 6.38 24.32
2015 284 11 0 0. 2385.20 61.15 7.90 9.93 1.28 1019.00 292.96 2324.05 -24.24 23.56 6.54 24.31
2015 284 12 0 0. 2387.00 60.90 7.30 9.88 1.18 1019.90 292.56 2326.10 -23.45 23.51 6.70 24.30
2015 284 13 0 0. 2385.80 59.01 7.80 9.56 1.26 1020.20 291.93 2326.79 -22.66 23.46 6.86 24.29
2015 284 14 0 0. 2387.10 59.63 8.80 9.64 1.42 1020.50 291.46 2327.47 -21.88 23.41 7.02 24.28
2015 284 15 0 0. 2389.50 62.03 7.70 10.02 1.24 1020.50 290.96 2327.47 -21.09 23.36 7.17 24.28
2015 284 16 0 0. 2393.30 65.83 7.70 10.62 1.24 1020.50 290.56 2327.47 -20.30 23.31 7.33 24.27
2015 284 17 0 0. 2393.80 67.01 7.20 10.80 1.16 1020.20 290.16 2326.79 -19.51 23.26 7.49 24.26
2015 284 18 0 0. 2396.00 69.44 6.90 11.18 1.11 1020.10 289.76 2326.56 -18.73 23.21 7.65 24.25
2015 284 19 0 0. 2392.90 66.80 8.30 10.75 1.34 1019.90 289.66 2326.10 -17.94 23.16 7.81 24.24
2015 284 20 0 0. 2395.80 69.92 10.00 11.25 1.61 1019.80 289.36 2325.88 -17.15 23.10 7.97 24.23
2015 284 21 0 0. 2396.60 70.04 6.90 11.26 1.11 1020.10 289.13 2326.56 -16.36 23.05 8.12 24.23
2015 284 22 0 0. 2397.90 70.43 7.30 11.32 1.17 1020.50 289.16 2327.47 -15.57 23.00 8.28 24.22
2015 284 23 0 0. 2399.00 70.39 8.00 11.33 1.29 1021.00 289.76 2328.61 -14.79 22.95 8.44 24.21
2015 285 0 0 0. 2402.50 72.06 9.70 11.65 1.57 1021.80 291.46 2330.44 -14.50 25.30 2.10 24.80
2015 285 1 0 0. 2399.50 68.38 9.00 11.10 1.46 1022.10 292.96 2331.12 -15.28 25.24 2.51 24.80
2015 285 2 0 0. 2398.00 67.11 7.80 10.92 1.27 1022.00 293.86 2330.89 -16.05 25.18 2.92 24.79
2015 285 3 0 0. 2396.70 66.72 8.10 10.87 1.32 1021.60 294.56 2329.98 -16.82 25.12 3.33 24.79
2015 285 4 0 0. 2396.10 67.49 7.40 11.02 1.21 1021.00 295.31 2328.61 -17.60 25.06 3.73 24.78
2015 285 5 0 0. 2393.00 66.21 8.30 10.82 1.36 1020.20 295.56 2326.79 -18.38 24.99 4.14 24.78
2015 285 6 0 0. 2390.70 64.82 9.50 10.60 1.55 1019.80 295.66 2325.88 -19.15 24.93 4.55 24.78
2015 285 7 0 0. 2394.00 68.12 6.90 11.13 1.13 1019.80 295.56 2325.88 -19.92 24.87 4.96 24.77
2015 285 8 0 0. 2400.80 74.58 8.60 12.18 1.40 1019.95 295.46 2326.22 -20.70 24.81 5.37 24.77
2015 285 9 0 0. 2409.90 82.65 9.10 13.48 1.48 1020.40 294.86 2327.25 -21.47 24.75 5.78 24.76
2015 285 10 0 0. 2406.60 79.01 7.60 12.87 1.24 1020.55 294.26 2327.59 -22.25 24.69 6.18 24.76
2015 285 11 0 0. 2403.90 74.55 8.30 12.12 1.35 1021.32 293.54 2329.35 -23.02 24.62 6.59 24.75
2015 285 12 0 0. 2407.30 76.86 7.50 12.49 1.22 1021.80 293.36 2330.44 -23.80 24.56 7.00 24.75
2015 285 13 0 0. 2408.70 77.81 8.30 12.60 1.34 1022.00 292.06 2330.89 -24.57 24.50 7.41 24.75
2015 285 14 0 0. 2400.50 69.38 9.30 11.23 1.50 1022.10 291.66 2331.12 -25.35 24.44 7.82 24.74
2015 285 15 0 0. 2399.00 68.33 7.90 11.05 1.28 1021.90 291.56 2330.67 -26.12 24.37 8.22 24.74
2015 285 16 0 0. 2395.90 65.46 8.20 10.58 1.33 1021.80 291.36 2330.44 -26.90 24.31 8.63 24.73
2015 285 17 0 0. 2392.10 61.89 7.40 10.00 1.20 1021.70 290.96 2330.21 -27.67 24.25 9.04 24.73
2015 285 18 0 0. 2397.50 67.75 7.10 10.93 1.15 1021.50 290.56 2329.75 -28.45 24.18 9.45 24.73
2015 285 19 0 0. 2399.60 70.07 8.50 11.30 1.37 1021.40 290.26 2329.53 -29.22 24.12 9.86 24.72
2015 285 20 0 0. 2399.90 70.83 8.60 11.41 1.39 1021.20 290.06 2329.07 -30.00 24.06 10.27 24.72
2015 285 21 0 0. 2397.30 67.32 7.20 10.84 1.16 1021.60 289.76 2329.98 -30.77 23.99 10.68 24.71
2015 285 22 0 0. 2399.50 67.92 7.30 10.93 1.17 1022.30 289.56 2331.58 -31.55 23.93 11.08 24.71
2015 285 23 0 0. 2401.50 69.47 8.20 11.19 1.32 1022.50 290.06 2332.03 -32.32 23.86 11.49 24.70
2015 286 0 0 0. 2402.30 69.12 10.10 11.19 1.64 1023.00 291.96 2333.18 -36.30 26.50 1.40 26.50
2015 286 1 0 0. 2402.50 68.64 9.30 11.17 1.51 1023.30 293.86 2333.86 -36.16 26.42 1.24 26.47
2015 286 2 0 0. 2403.30 70.01 8.90 11.43 1.45 1023.05 295.21 2333.29 -36.02 26.35 1.07 26.44
2015 286 3 0 0. 2401.10 69.07 9.10 11.31 1.49 1022.50 296.38 2332.03 -35.89 26.27 0.91 26.41
2015 286 4 0 0. 2402.30 72.20 7.90 11.84 1.30 1021.65 297.06 2330.10 -35.75 26.19 0.75 26.38
2015 286 5 0 0. 2395.80 66.96 9.20 10.99 1.51 1021.10 297.26 2328.84 -35.61 26.12 0.59 26.36
2015 286 6 0 0. 2403.50 76.25 9.80 12.54 1.61 1020.40 298.03 2327.25 -35.47 26.04 0.42 26.33
2015 286 7 0 0. 2410.20 84.10 7.30 13.80 1.20 1019.90 297.26 2326.10 -35.34 25.96 0.26 26.30
2015 286 8 0 0. 2408.50 82.85 9.50 13.59 1.56 1019.70 297.06 2325.65 -35.20 25.88 0.10 26.27
2015 286 9 0 0. 2416.70 91.28 9.30 14.95 1.52 1019.60 296.49 2325.42 -35.06 25.80 -0.06 26.24
2015 286 10 0 0. 2415.20 89.55 7.60 14.64 1.24 1019.70 295.76 2325.65 -34.92 25.73 -0.23 26.21
2015 286 11 0 0. 2419.00 92.90 8.60 15.15 1.40 1019.90 294.66 2326.10 -34.79 25.65 -0.39 26.18
2015 286 12 0 0. 2426.20 98.04 7.90 15.95 1.29 1020.80 293.86 2328.16 -34.65 25.57 -0.55 26.15
2015 286 13 0 0. 2415.20 87.73 8.40 14.26 1.37 1020.50 293.36 2327.47 -34.51 25.49 -0.71 26.12
2015 286 14 0 0. 2415.20 87.27 9.50 14.17 1.54 1020.70 293.13 2327.93 -34.38 25.41 -0.88 26.09
2015 286 15 0 0. 2415.50 88.25 8.00 14.32 1.30 1020.40 292.76 2327.25 -34.24 25.33 -1.04 26.06
2015 286 16 0 0. 2415.20 88.64 8.60 14.36 1.39 1020.10 292.06 2326.56 -34.10 25.25 -1.20 26.04
2015 286 17 0 0. 2415.00 88.67 7.70 14.34 1.25 1020.00 291.56 2326.33 -33.96 25.17 -1.36 26.01
2015 286 18 0 0. 2421.80 96.49 7.30 15.61 1.18 1019.55 291.61 2325.31 -33.83 25.09 -1.52 25.98
2015 286 19 0 0. 2418.70 94.42 8.80 15.28 1.42 1019.10 291.66 2324.28 -33.69 25.01 -1.69 25.95
2015 286 20 0 0. 2420.60 96.09 9.00 15.54 1.46 1019.20 291.56 2324.51 -33.55 24.93 -1.85 25.92
2015 286 21 0 0. 2419.40 94.66 7.50 15.31 1.21 1019.30 291.36 2324.74 -33.41 24.85 -2.01 25.89
2015 286 22 0 0. 2420.60 95.41 7.60 15.42 1.23 1019.50 291.26 2325.19 -33.27 24.76 -2.17 25.86
2015 286 23 0 0. 2421.70 95.82 8.50 15.50 1.37 1019.80 291.46 2325.88 -33.14 24.68 -2.34 25.83
2015 287 0 0 0. 2418.00 91.44 11.80 14.84 1.91 1020.10 292.76 2326.56 -32.40 32.30 -5.30 30.00
2015 287 1 0 0. 2419.00 91.98 10.30 14.99 1.68 1020.30 294.36 2327.02 -31.90 32.19 -4.93 29.93
2015 287 2 0 0. 2420.90 94.80 8.90 15.47 1.45 1019.90 295.11 2326.10 -31.40 32.08 -4.57 29.86
2015 287 3 0 0. 2421.00 95.58 9.20 15.61 1.50 1019.60 295.46 2325.42 -30.90 31.97 -4.20 29.79
2015 287 4 0 0. 2430.10 105.82 8.70 17.31 1.42 1019.10 296.06 2324.28 -30.40 31.87 -3.83 29.72
2015 287 5 0 0. 2431.90 108.30 9.80 17.75 1.61 1018.80 296.83 2323.60 -29.90 31.76 -3.47 29.65
2015 287 6 0 0. 2442.50 121.71 10.50 19.94 1.72 1017.57 296.69 2320.79 -29.40 31.65 -3.10 29.58
2015 287 7 0 0. 2437.10 116.70 8.20 19.14 1.34 1017.40 297.06 2320.40 -28.90 31.54 -2.73 29.51
2015 287 8 0 0. 2436.70 115.84 10.30 18.98 1.69 1017.60 296.56 2320.86 -28.40 31.43 -2.37 29.44
2015 287 9 0 0. 2441.80 121.17 10.10 19.81 1.65 1017.50 295.86 2320.63 -27.90 31.31 -2.00 29.37
2015 287 10 0 0. 2438.60 117.51 8.80 19.17 1.44 1017.70 294.86 2321.09 -27.40 31.20 -1.63 29.30
2015 287 11 0 0. 2438.20 115.74 9.50 18.83 1.55 1018.30 293.86 2322.46 -26.90 31.09 -1.27 29.23
2015 287 12 0 0. 2434.70 111.33 9.00 18.10 1.46 1018.70 293.46 2323.37 -26.40 30.98 -0.90 29.16
2015 287 13 0 0. 2434.60 111.23 10.00 18.07 1.62 1018.70 293.16 2323.37 -25.90 30.87 -0.53 29.09
2015 287 14 0 0. 2433.90 110.30 10.10 17.89 1.64 1018.80 292.66 2323.60 -25.40 30.75 -0.17 29.02
2015 287 15 0 0. 2436.00 113.32 8.80 18.37 1.43 1018.40 292.36 2322.68 -24.90 30.64 0.20 28.95
2015 287 16 0 0. 2427.80 105.80 9.50 17.15 1.54 1018.10 292.26 2322.00 -24.40 30.53 0.57 28.88
2015 287 17 0 0. 2426.70 106.07 8.50 17.18 1.38 1017.50 292.06 2320.63 -23.90 30.41 0.93 28.81
2015 287 18 0 0. 2421.70 101.98 8.20 16.50 1.33 1017.10 291.66 2319.72 -23.40 30.30 1.30 28.73
2015 287 19 0 0. 2419.10 100.07 9.70 16.18 1.57 1016.80 291.46 2319.03 -22.90 30.18 1.67 28.66
2015 287 20 0 0. 2413.90 95.09 9.80 15.36 1.58 1016.70 291.06 2318.81 -22.40 30.07 2.03 28.59
2015 287 21 0 0. 2414.70 95.67 8.40 15.46 1.36 1016.80 291.06 2319.03 -21.90 29.95 2.40 28.52
2015 287 22 0 0. 2414.20 95.17 8.50 15.37 1.37 1016.80 290.96 2319.03 -21.40 29.83 2.77 28.45
2015 287 23 0 0. 2413.00 93.05 9.20 15.10 1.49 1017.20 292.86 2319.95 -20.90 29.72 3.13 28.37
2015 288 0 0 0. 2417.30 96.44 10.80 15.71 1.76 1017.60 294.36 2320.86 -8.20 26.80 -22.60 26.10
2015 288 1 0 0. 2417.90 96.36 9.30 15.74 1.52 1017.90 295.46 2321.54 -8.41 26.73 -23.23 26.09
2015 288 2 0 0. 2422.70 101.38 8.30 16.59 1.36 1017.80 296.04 2321.32 -8.62 26.65 -23.86 26.08
2015 288 3 0 0. 2414.70 94.45 8.20 15.50 1.35 1017.33 297.36 2320.25 -8.83 26.58 -24.49 26.08
2015 288 4 0 0. 2416.10 97.52 8.00 16.01 1.31 1016.60 297.46 2318.58 -9.03 26.51 -25.12 26.07
2015 288 5 0 0. 2416.80 100.05 9.40 16.46 1.55 1015.80 298.36 2316.75 -9.24 26.44 -25.75 26.06
2015 288 6 0 0. 2424.60 109.21 9.30 17.98 1.53 1015.20 298.56 2315.39 -9.45 26.36 -26.37 26.05
2015 288 7 0 0. 2432.00 117.53 7.70 19.36 1.27 1014.80 298.76 2314.47 -9.66 26.29 -27.00 26.04
2015 288 8 0 0. 2442.00 126.84 9.40 20.83 1.54 1015.10 297.61 2315.16 -9.87 26.21 -27.63 26.03
2015 288 9 0 0. 2447.20 131.59 8.70 21.56 1.43 1015.30 296.66 2315.61 -10.08 26.14 -28.26 26.03
2015 288 10 0 0. 2446.20 129.90 7.90 21.24 1.29 1015.60 295.76 2316.30 -10.28 26.07 -28.89 26.02
2015 288 11 0 0. 2440.50 123.29 8.70 20.12 1.42 1016.00 295.06 2317.21 -10.49 25.99 -29.52 26.01
2015 288 12 0 0. 2423.40 105.28 7.90 17.15 1.29 1016.40 294.26 2318.12 -10.70 25.92 -30.15 26.00
2015 288 13 0 0. 2417.70 98.44 8.50 16.01 1.38 1016.90 293.76 2319.26 -10.91 25.84 -30.78 25.99
2015 288 14 0 0. 2422.20 102.25 9.60 16.62 1.56 1017.20 293.36 2319.95 -11.12 25.77 -31.41 25.98
2015 288 15 0 0. 2418.10 98.38 7.80 15.98 1.27 1017.10 293.06 2319.72 -11.32 25.69 -32.04 25.98
2015 288 16 0 0. 2417.40 98.14 8.80 15.92 1.43 1016.90 292.76 2319.26 -11.53 25.61 -32.67 25.97
2015 288 17 0 0. 2418.10 99.29 7.90 16.10 1.28 1016.70 292.56 2318.81 -11.74 25.54 -33.30 25.96
2015 288 18 0 0. 2422.00 103.65 7.30 16.81 1.18 1016.50 292.46 2318.35 -11.95 25.46 -33.92 25.95
2015 288 19 0 0. 2427.90 110.23 9.00 17.87 1.46 1016.20 292.36 2317.67 -12.16 25.39 -34.55 25.94
2015 288 20 0 0. 2435.30 117.86 9.20 19.10 1.49 1016.10 292.26 2317.44 -12.37 25.31 -35.18 25.93
2015 288 21 0 0. 2442.70 124.35 7.60 20.13 1.23 1016.50 291.76 2318.35 -12.57 25.23 -35.81 25.93
2015 288 22 0 0. 2440.40 120.91 7.70 19.56 1.25 1017.00 291.66 2319.49 -12.78 25.15 -36.44 25.92
2015 288 23 0 0. 2439.90 119.72 8.80 19.42 1.43 1017.30 292.56 2320.18 -12.99 25.08 -37.07 25.91
2015 289 0 0 0. 2438.50 117.41 10.10 19.11 1.64 1017.70 294.06 2321.09 -20.60 24.20 -9.70 23.70
2015 289 1 0 0. 2439.70 117.93 8.40 19.28 1.37 1018.00 295.66 2321.77 -20.47 24.15 -9.36 23.71
2015 289 2 0 0. 2437.50 116.18 7.60 19.03 1.24 1017.80 296.56 2321.32 -20.33 24.09 -9.03 23.73
2015 289 3 0 0. 2440.50 119.41 7.40 19.61 1.22 1017.70 297.56 2321.09 -20.20 24.04 -8.69 23.74
2015 289 4 0 0. 2440.90 120.50 7.10 19.79 1.17 1017.40 297.66 2320.40 -20.07 23.99 -8.35 23.75
2015 289 5 0 0. 2435.80 116.99 8.50 19.23 1.40 1016.70 297.86 2318.81 -19.93 23.93 -8.01 23.76
2015 289 6 0 0. 2439.80 121.91 8.00 20.01 1.31 1016.30 297.46 2317.89 -19.80 23.88 -7.68 23.78
2015 289 7 0 0. 2429.00 111.56 6.90 18.31 1.13 1016.10 297.26 2317.44 -19.67 23.83 -7.34 23.79
2015 289 8 0 0. 2423.50 105.61 8.70 17.30 1.43 1016.30 296.64 2317.89 -19.53 23.77 -7.00 23.80
2015 289 9 0 0. 2417.50 98.69 7.70 16.14 1.26 1016.70 295.76 2318.81 -19.40 23.72 -6.66 23.81
2015 289 10 0 0. 2416.60 97.11 7.10 15.83 1.16 1017.00 294.59 2319.49 -19.27 23.67 -6.33 23.83
2015 289 11 0 0. 2419.70 99.30 7.90 16.16 1.29 1017.40 294.06 2320.40 -19.13 23.61 -5.99 23.84
2015 289 12 0 0. 2420.90 99.36 7.20 16.16 1.17 1017.90 293.76 2321.54 -19.00 23.56 -5.65 23.85
2015 289 13 0 0. 2416.10 94.33 7.80 15.33 1.27 1018.00 293.46 2321.77 -18.87 23.50 -5.31 23.86
2015 289 14 0 0. 2412.20 89.74 8.90 14.58 1.45 1018.30 293.26 2322.46 -18.73 23.45 -4.98 23.88
2015 289 15 0 0. 2405.40 83.26 7.10 13.52 1.15 1018.16 293.06 2322.14 -18.60 23.40 -4.64 23.89
2015 289 16 0 0. 2401.00 79.68 8.00 12.93 1.30 1017.80 292.76 2321.32 -18.47 23.34 -4.30 23.90
2015 289 17 0 0. 2397.90 77.04 7.20 12.50 1.17 1017.60 292.66 2320.86 -18.33 23.29 -3.96 23.91
2015 289 18 0 0. 2401.60 80.59 6.60 13.06 1.07 1017.66 292.26 2321.01 -18.20 23.23 -3.63 23.93
2015 289 19 0 0. 2398.70 78.07 8.00 12.65 1.30 1017.50 292.26 2320.63 -18.07 23.18 -3.29 23.94
2015 289 20 0 0. 2399.20 78.57 8.40 12.73 1.36 1017.50 292.06 2320.63 -17.93 23.12 -2.95 23.95
2015 289 21 0 0. 2397.60 76.06 7.00 12.31 1.13 1017.90 291.76 2321.54 -17.80 23.07 -2.61 23.96
2015 289 22 0 0. 2400.30 77.62 7.00 12.56 1.13 1018.40 291.56 2322.68 -17.67 23.01 -2.28 23.98
2015 289 23 0 0. 2400.00 76.18 8.20 12.36 1.33 1018.90 292.76 2323.82 -17.53 22.96 -1.94 23.99
2015 290 0 0 0. 2402.70 77.96 11.20 12.70 1.83 1019.30 294.46 2324.74 0.50 25.60 -34.40 26.30
2015 290 1 0 0. 2403.90 78.37 9.30 12.80 1.52 1019.65 295.26 2325.53 0.24 25.57 -33.04 26.26
2015 290 2 0 0. 2405.90 80.71 8.70 13.22 1.42 1019.50 296.40 2325.19 -0.02 25.54 -31.68 26.23
2015 290 3 0 0. 2400.90 76.62 8.20 12.56 1.34 1019.10 296.86 2324.28 -0.28 25.51 -30.32 26.19
2015 290 4 0 0. 2395.90 72.99 7.90 11.98 1.30 1018.50 297.46 2322.91 -0.53 25.48 -28.97 26.15
2015 290 5 0 0. 2388.30 67.50 9.70 11.09 1.59 1017.58 297.71 2320.80 -0.79 25.46 -27.61 26.12
2015 290 6 0 0. 2386.40 66.91 8.40 11.00 1.38 1017.00 297.96 2319.49 -1.05 25.43 -26.25 26.08
2015 290 7 0 0. 2398.10 79.29 7.50 13.02 1.23 1016.70 297.38 2318.81 -1.31 25.40 -24.89 26.04
2015 290 8 0 0. 2401.30 82.27 10.40 13.49 1.71 1016.80 296.96 2319.03 -1.57 25.37 -23.53 26.00
2015 290 9 0 0. 2399.60 79.88 8.00 13.06 1.31 1017.10 295.86 2319.72 -1.83 25.34 -22.18 25.97
2015 290 10 0 0. 2397.50 77.55 7.70 12.65 1.26 1017.20 294.86 2319.95 -2.08 25.31 -20.82 25.93
2015 290 11 0 0. 2387.80 66.48 8.60 10.82 1.40 1017.80 294.02 2321.32 -2.34 25.28 -19.46 25.89
2015 290 12 0 0. 2393.00 70.54 7.90 11.47 1.28 1018.30 293.56 2322.46 -2.60 25.25 -18.10 25.85
2015 290 13 0 0. 2393.40 70.94 8.50 11.52 1.38 1018.30 293.16 2322.46 -2.86 25.22 -16.74 25.82
2015 290 14 0 0. 2393.50 71.27 9.20 11.57 1.49 1018.20 292.98 2322.23 -3.12 25.19 -15.38 25.78
2015 290 15 0 0. 2400.30 78.98 7.50 12.81 1.22 1017.80 292.66 2321.32 -3.38 25.16 -14.03 25.74
2015 290 16 0 0. 2402.20 81.34 8.50 13.19 1.38 1017.60 292.46 2320.86 -3.63 25.14 -12.67 25.70
2015 290 17 0 0. 2401.30 81.12 8.00 13.15 1.30 1017.30 292.36 2320.18 -3.89 25.11 -11.31 25.67
2015 290 18 0 0. 2401.00 81.05 7.20 13.13 1.17 1017.20 292.06 2319.95 -4.15 25.08 -9.95 25.63
2015 290 19 0 0. 2403.30 83.81 8.50 13.58 1.38 1017.00 292.16 2319.49 -4.41 25.05 -8.59 25.59
2015 290 20 0 0. 2404.20 84.94 8.90 13.75 1.44 1016.90 291.96 2319.26 -4.67 25.02 -7.23 25.55
2015 290 21 0 0. 2399.30 79.12 7.60 12.81 1.23 1017.30 291.76 2320.18 -4.92 24.99 -5.88 25.51
2015 290 22 0 0. 2403.80 82.71 7.60 13.38 1.23 1017.70 291.53 2321.09 -5.18 24.96 -4.52 25.48
2015 290 23 0 0. 2411.50 89.04 8.10 14.42 1.31 1018.30 291.96 2322.46 -5.44 24.93 -3.16 25.44
2015 291 0 0 0. 2421.00 97.18 11.60 15.80 1.89 1018.90 293.66 2323.82 -8.80 26.10 -5.60 26.00
2015 291 1 0 0. 2422.10 97.36 9.10 15.87 1.48 1019.30 294.56 2324.74 -10.03 26.06 -5.12 25.97
2015 291 2 0 0. 2425.00 100.32 8.50 16.37 1.39 1019.28 295.06 2324.68 -11.25 26.03 -4.63 25.93
2015 291 3 0 0. 2423.80 99.75 7.90 16.34 1.29 1019.00 296.56 2324.05 -12.47 25.99 -4.15 25.90
2015 291 4 0 0. 2420.30 98.07 7.80 16.05 1.28 1018.20 296.16 2322.23 -13.70 25.95 -3.67 25.87
2015 291 5 0 0. 2414.00 93.37 9.80 15.31 1.61 1017.50 296.96 2320.63 -14.92 25.92 -3.18 25.84
2015 291 6 0 0. 2403.20 84.17 8.60 13.79 1.41 1016.80 296.56 2319.03 -16.15 25.88 -2.70 25.80
2015 291 7 0 0. 2406.60 88.02 7.60 14.42 1.24 1016.60 296.46 2318.58 -17.38 25.84 -2.22 25.77
2015 291 8 0 0. 2416.10 97.07 9.60 15.87 1.57 1016.80 295.66 2319.03 -18.60 25.80 -1.73 25.74
2015 291 9 0 0. 2417.90 98.41 8.00 16.06 1.31 1017.00 295.06 2319.49 -19.82 25.77 -1.25 25.70
2015 291 10 0 0. 2419.80 100.31 7.90 16.34 1.29 1017.00 294.36 2319.49 -21.05 25.73 -0.77 25.67
2015 291 11 0 0. 2419.70 98.84 8.60 16.09 1.40 1017.60 293.96 2320.86 -22.27 25.69 -0.28 25.64
2015 291 12 0 0. 2429.50 107.27 8.00 17.45 1.30 1018.20 293.76 2322.23 -23.50 25.65 0.20 25.60
2015 291 13 0 0. 2426.10 104.33 8.50 16.96 1.38 1018.00 293.56 2321.77 -24.72 25.62 0.68 25.57
2015 291 14 0 0. 2423.90 102.58 9.10 16.67 1.48 1017.80 293.46 2321.32 -25.95 25.58 1.17 25.54
2015 291 15 0 0. 2421.60 101.20 7.50 16.44 1.22 1017.40 293.16 2320.40 -27.17 25.54 1.65 25.50
2015 291 16 0 0. 2418.70 98.30 8.60 15.96 1.40 1017.40 292.96 2320.40 -28.40 25.50 2.13 25.47
2015 291 17 0 0. 2419.10 99.61 8.00 16.16 1.30 1017.00 292.76 2319.49 -29.62 25.47 2.62 25.44
2015 291 18 0 0. 2422.30 103.72 7.30 16.82 1.18 1016.60 292.56 2318.58 -30.85 25.43 3.10 25.40
2015 291 19 0 0. 2422.10 104.66 8.40 16.95 1.36 1016.10 291.96 2317.44 -32.07 25.39 3.58 25.37
2015 291 20 0 0. 2424.10 107.12 8.70 17.34 1.41 1015.90 291.76 2316.98 -33.30 25.35 4.07 25.34
2015 291 21 0 0. 2419.40 102.87 7.70 16.65 1.25 1015.70 291.76 2316.53 -34.52 25.31 4.55 25.30
2015 291 22 0 0. 2419.40 102.42 7.70 16.57 1.25 1015.90 291.66 2316.98 -35.75 25.28 5.03 25.27
2015 291 23 0 0. 2424.30 107.32 8.20 17.38 1.33 1015.90 292.06 2316.98 -36.97 25.24 5.52 25.23
2015 292 0 0 0. 2425.30 107.63 13.50 17.50 2.19 1016.20 293.46 2317.67 29.30 29.20 -47.30 29.00
2015 292 1 0 0. 2425.60 107.71 10.00 17.53 1.63 1016.30 293.96 2317.89 28.19 29.18 -46.08 28.96
2015 292 2 0 0. 2419.50 102.29 9.40 16.69 1.53 1016.00 295.06 2317.21 27.08 29.16 -44.85 28.92
2015 292 3 0 0. 2412.00 96.16 8.80 15.72 1.44 1015.40 295.81 2315.84 25.98 29.14 -43.62 28.88
2015 292 4 0 0. 2411.60 97.81 8.80 16.02 1.44 1014.50 296.51 2313.79 24.87 29.12 -42.40 28.84
2015 292 5 0 0. 2416.00 103.81 10.80 17.01 1.77 1013.80 296.66 2312.19 23.76 29.10 -41.18 28.79
2015 292 6 0 0. 2425.20 114.15 8.90 18.66 1.45 1013.30 295.71 2311.05 22.65 29.08 -39.95 28.75
2015 292 7 0 0. 2429.30 119.39 8.50 19.53 1.39 1012.80 295.99 2309.91 21.54 29.06 -38.73 28.71
2015 292 8 0 0. 2430.00 120.09 10.90 19.61 1.78 1012.80 295.33 2309.91 20.43 29.03 -37.50 28.67
2015 292 9 0 0. 2418.90 109.67 8.90 17.89 1.45 1012.50 294.96 2309.23 19.32 29.01 -36.28 28.63
2015 292 10 0 0. 2425.90 115.76 8.80 18.85 1.43 1012.90 294.26 2310.14 18.22 28.99 -35.05 28.59
2015 292 11 0 0. 2437.10 125.82 9.40 20.48 1.53 1013.40 294.06 2311.28 17.11 28.97 -33.83 28.55
2015 292 12 0 0. 2437.60 125.18 9.30 20.37 1.51 1013.90 293.86 2312.42 16.00 28.95 -32.60 28.50
2015 292 13 0 0. 2434.00 121.35 9.90 19.73 1.61 1014.00 293.46 2312.65 14.89 28.93 -31.38 28.46
2015 292 14 0 0. 2426.80 114.84 9.90 18.65 1.61 1013.70 293.16 2311.96 13.78 28.91 -30.15 28.42
2015 292 15 0 0. 2424.20 112.46 8.50 18.27 1.38 1013.60 293.26 2311.74 12.68 28.89 -28.93 28.38
2015 292 16 0 0. 2425.80 115.43 9.00 18.74 1.46 1013.00 292.96 2310.37 11.57 28.87 -27.70 28.34
2015 292 17 0 0. 2435.40 125.94 8.90 20.45 1.44 1012.60 292.96 2309.46 10.46 28.85 -26.48 28.30
2015 292 18 0 0. 2443.80 135.26 8.20 21.95 1.33 1012.20 292.76 2308.54 9.35 28.83 -25.25 28.25
2015 292 19 0 0. 2447.60 139.06 9.50 22.55 1.54 1012.20 292.51 2308.54 8.24 28.80 -24.02 28.21
2015 292 20 0 0. 2444.40 135.63 9.40 22.01 1.53 1012.30 292.86 2308.77 7.13 28.78 -22.80 28.17
2015 292 21 0 0. 2443.30 133.84 8.70 21.71 1.41 1012.60 292.66 2309.46 6.03 28.76 -21.57 28.13
2015 292 22 0 0. 2452.00 142.09 8.70 23.06 1.41 1012.80 292.86 2309.91 4.92 28.74 -20.35 28.08
2015 292 23 0 0. 2440.80 129.29 9.00 21.02 1.46 1013.50 293.56 2311.51 3.81 28.72 -19.12 28.04
2015 293 0 0 0. 2439.80 127.38 12.40 20.76 2.02 1013.90 294.46 2312.42 -27.20 25.80 -1.70 25.80
2015 293 1 0 0. 2444.20 131.10 9.30 21.40 1.52 1014.20 295.06 2313.10 -26.65 25.77 -1.96 25.75
2015 293 2 0 0. 2449.60 136.50 8.70 22.28 1.42 1014.20 295.19 2313.10 -26.10 25.73 -2.23 25.70
2015 293 3 0 0. 2458.40 147.12 7.90 24.09 1.29 1013.40 296.46 2311.28 -25.55 25.70 -2.49 25.65
2015 293 4 0 0. 2445.10 134.73 8.30 22.10 1.36 1013.00 297.06 2310.37 -25.00 25.67 -2.75 25.60
2015 293 5 0 0. 2446.80 138.20 11.90 22.66 1.95 1012.23 296.99 2308.60 -24.45 25.64 -3.01 25.55
2015 293 6 0 0. 2460.70 152.84 7.70 25.05 1.26 1011.90 296.76 2307.86 -23.90 25.60 -3.27 25.51
2015 293 7 0 0. 2465.90 157.93 7.70 25.85 1.26 1011.95 296.26 2307.97 -23.35 25.57 -3.54 25.46
2015 293 8 0 0. 2472.40 164.65 10.90 26.93 1.78 1011.85 295.96 2307.75 -22.80 25.54 -3.80 25.41
2015 293 9 0 0. 2474.60 165.83 7.80 27.09 1.27 1012.30 295.46 2308.77 -22.25 25.50 -4.06 25.36
2015 293 10 0 0. 2474.90 165.90 7.90 27.08 1.29 1012.40 295.06 2309.00 -21.70 25.47 -4.33 25.31
2015 293 11 0 0. 2464.40 154.94 8.10 25.26 1.32 1012.60 294.56 2309.46 -21.15 25.44 -4.59 25.26
2015 293 12 0 0. 2457.00 146.63 8.20 23.88 1.34 1013.00 294.26 2310.37 -20.60 25.40 -4.85 25.21
2015 293 13 0 0. 2450.00 139.18 8.30 22.65 1.35 1013.20 293.96 2310.82 -20.05 25.37 -5.11 25.16
2015 293 14 0 0. 2449.60 137.86 8.80 22.42 1.43 1013.60 293.66 2311.74 -19.50 25.34 -5.38 25.11
2015 293 15 0 0. 2446.50 134.54 7.60 21.87 1.24 1013.70 293.46 2311.96 -18.95 25.30 -5.64 25.06
2015 293 16 0 0. 2434.20 122.46 8.00 19.89 1.30 1013.60 293.16 2311.74 -18.40 25.27 -5.90 25.01
2015 293 17 0 0. 2425.70 114.65 8.00 18.61 1.30 1013.30 292.86 2311.05 -17.85 25.24 -6.16 24.96
2015 293 18 0 0. 2422.50 111.68 7.40 18.12 1.20 1013.20 292.66 2310.82 -17.30 25.20 -6.42 24.91
2015 293 19 0 0. 2421.40 110.58 8.30 17.92 1.35 1013.20 292.36 2310.82 -16.75 25.17 -6.69 24.85
2015 293 20 0 0. 2422.10 111.73 8.20 18.12 1.33 1013.00 292.56 2310.37 -16.20 25.14 -6.95 24.80
2015 293 21 0 0. 2419.80 108.75 7.80 17.63 1.26 1013.30 292.36 2311.05 -15.65 25.10 -7.21 24.75
2015 293 22 0 0. 2412.70 100.96 7.80 16.36 1.26 1013.60 292.26 2311.74 -15.10 25.07 -7.47 24.70
2015 293 23 0 0. 2410.80 97.70 8.10 15.86 1.31 1014.20 292.96 2313.10 -14.55 25.03 -7.74 24.65
2015 294 0 0 0. 2418.40 103.24 12.70 16.84 2.07 1015.10 294.86 2315.16 -15.90 26.00 11.60 25.90
2015 294 1 0 0. 2415.60 99.53 9.30 16.28 1.52 1015.50 295.86 2316.07 -16.06 25.95 11.40 25.84
2015 294 2 0 0. 2416.30 100.38 8.70 16.42 1.42 1015.43 296.06 2315.92 -16.22 25.89 11.20 25.78
2015 294 3 0 0. 2429.60 113.76 7.80 18.65 1.28 1015.40 296.96 2315.84 -16.37 25.84 11.00 25.72
2015 294 4 0 0. 2423.50 108.80 8.20 17.87 1.35 1014.90 297.66 2314.70 -16.53 25.79 10.80 25.66
2015 294 5 0 0. 2412.50 98.94 10.40 16.25 1.71 1014.40 297.56 2313.56 -16.69 25.73 10.60 25.59
2015 294 6 0 0. 2409.20 97.01 7.60 15.93 1.25 1013.80 297.56 2312.19 -16.85 25.68 10.40 25.53
2015 294 7 0 0. 2411.80 99.08 7.90 16.27 1.30 1014.03 297.56 2312.72 -17.01 25.63 10.20 25.47
2015 294 8 0 0. 2415.90 102.34 10.70 16.77 1.75 1014.40 296.66 2313.56 -17.17 25.57 10.00 25.41
2015 294 9 0 0. 2411.00 96.07 7.70 15.70 1.26 1015.00 295.66 2314.93 -17.32 25.52 9.80 25.35
2015 294 10 0 0. 2406.10 90.49 8.10 14.76 1.32 1015.30 294.96 2315.61 -17.48 25.47 9.60 25.29
2015 294 11 0 0. 2411.00 94.25 8.10 15.36 1.32 1015.80 294.56 2316.75 -17.64 25.41 9.40 25.22
2015 294 12 0 0. 2421.40 103.73 8.30 16.90 1.35 1016.20 294.26 2317.67 -17.80 25.36 9.20 25.16
2015 294 13 0 0. 2432.50 114.07 8.80 18.57 1.43 1016.53 294.06 2318.43 -17.96 25.30 9.00 25.10
2015 294 14 0 0. 2425.50 106.47 8.70 17.31 1.41 1016.80 293.46 2319.03 -18.12 25.25 8.80 25.04
2015 294 15 0 0. 2433.80 115.30 7.60 18.74 1.24 1016.57 293.46 2318.50 -18.27 25.20 8.60 24.97
2015 294 16 0 0. 2435.50 117.38 7.70 19.07 1.25 1016.40 293.26 2318.12 -18.43 25.14 8.40 24.91
2015 294 17 0 0. 2433.80 116.48 7.70 18.92 1.25 1016.05 293.16 2317.32 -18.59 25.09 8.20 24.85
2015 294 18 0 0. 2434.80 118.27 7.50 19.22 1.22 1015.70 293.26 2316.53 -18.75 25.03 8.00 24.78
2015 294 19 0 0. 2436.50 120.43 8.30 19.55 1.35 1015.50 292.96 2316.07 -18.91 24.98 7.80 24.72
2015 294 20 0 0. 2439.50 123.66 7.90 20.08 1.28 1015.40 292.96 2315.84 -19.07 24.92 7.60 24.66
2015 294 21 0 0. 2444.50 127.88 7.60 20.77 1.23 1015.74 293.06 2316.62 -19.22 24.87 7.40 24.59
2015 294 22 0 0. 2447.70 129.81 7.80 21.07 1.27 1016.30 292.86 2317.89 -19.38 24.81 7.20 24.53
2015 294 23 0 0. 2450.30 131.49 8.20 21.37 1.33 1016.70 293.46 2318.81 -19.54 24.76 7.00 24.46
2015 295 0 0 0. 2452.70 132.52 13.90 21.62 2.27 1017.30 294.96 2320.18 -22.90 31.40 -1.70 29.70
2015 295 1 0 0. 2453.00 132.14 9.70 21.59 1.59 1017.60 295.56 2320.86 -23.29 31.30 -1.05 29.58
2015 295 2 0 0. 2445.70 125.01 9.40 20.47 1.54 1017.53 296.43 2320.69 -23.67 31.19 -0.40 29.47
2015 295 3 0 0. 2446.60 126.65 8.80 20.76 1.44 1017.20 296.86 2319.95 -24.06 31.09 0.25 29.35
2015 295 4 0 0. 2435.40 117.05 9.10 19.23 1.50 1016.50 297.76 2318.35 -24.45 30.98 0.90 29.24
2015 295 5 0 0. 2434.70 117.72 11.60 19.34 1.91 1015.90 297.76 2316.98 -24.84 30.88 1.55 29.12
2015 295 6 0 0. 2439.80 124.19 8.40 20.38 1.38 1015.30 297.26 2315.61 -25.23 30.77 2.20 29.00
2015 295 7 0 0. 2437.10 121.49 9.00 19.95 1.48 1015.30 297.46 2315.61 -25.61 30.66 2.85 28.88
2015 295 8 0 0. 2442.60 126.76 11.10 20.78 1.82 1015.40 296.76 2315.84 -26.00 30.56 3.50 28.77
2015 295 9 0 0. 2439.60 123.53 8.70 20.20 1.42 1015.50 295.89 2316.07 -26.39 30.45 4.15 28.65
2015 295 10 0 0. 2440.70 123.95 8.90 20.24 1.45 1015.80 295.36 2316.75 -26.77 30.34 4.80 28.53
2015 295 11 0 0. 2441.00 122.65 9.00 20.02 1.47 1016.50 295.06 2318.35 -27.16 30.24 5.45 28.41
2015 295 12 0 0. 2444.50 125.47 9.40 20.47 1.53 1016.80 294.96 2319.03 -27.55 30.13 6.10 28.29
2015 295 13 0 0. 2441.70 122.21 10.10 19.91 1.65 1017.00 294.36 2319.49 -27.94 30.02 6.75 28.17
2015 295 14 0 0. 2439.70 120.67 9.10 19.65 1.48 1016.80 294.16 2319.03 -28.33 29.91 7.40 28.04
2015 295 15 0 0. 2433.90 115.32 8.50 18.77 1.38 1016.60 293.96 2318.58 -28.71 29.80 8.05 27.92
2015 295 16 0 0. 2440.80 122.91 8.40 20.00 1.37 1016.30 293.86 2317.89 -29.10 29.69 8.70 27.80
2015 295 17 0 0. 2435.90 118.23 8.40 19.24 1.37 1016.20 293.86 2317.67 -29.49 29.58 9.35 27.68
2015 295 18 0 0. 2440.90 123.23 8.40 20.04 1.37 1016.20 293.56 2317.67 -29.88 29.47 10.00 27.55
2015 295 19 0 0. 2437.30 120.77 9.10 19.62 1.48 1015.70 293.26 2316.53 -30.26 29.36 10.65 27.43
2015 295 20 0 0. 2437.20 120.67 8.50 19.59 1.38 1015.70 292.96 2316.53 -30.65 29.25 11.30 27.30
2015 295 21 0 0. 2434.30 117.77 8.30 19.11 1.35 1015.70 292.76 2316.53 -31.04 29.14 11.95 27.18
2015 295 22 0 0. 2434.10 116.66 8.60 18.92 1.39 1016.10 292.56 2317.44 -31.43 29.03 12.60 27.05
2015 295 23 0 0. 2445.30 126.72 9.40 20.59 1.53 1016.60 293.36 2318.58 -31.81 28.91 13.25 26.93
2015 296 0 0 0. 2441.80 122.08 14.40 19.92 2.35 1017.10 294.96 2319.72 -9.00 31.80 4.60 29.80
2015 296 1 0 0. 2447.70 127.98 9.90 20.93 1.62 1017.10 295.86 2319.72 -10.21 31.70 3.79 29.69
2015 296 2 0 0. 2455.40 135.91 9.40 22.29 1.54 1017.00 297.06 2319.49 -11.43 31.60 2.97 29.58
2015 296 3 0 0. 2457.10 138.98 8.80 22.82 1.45 1016.40 297.56 2318.12 -12.64 31.50 2.16 29.48
2015 296 4 0 0. 2459.60 143.76 9.00 23.62 1.48 1015.40 297.74 2315.84 -13.85 31.40 1.35 29.37
2015 296 5 0 0. 2458.40 144.38 11.10 23.73 1.82 1014.60 297.86 2314.02 -15.06 31.30 0.54 29.26
2015 296 6 0 0. 2462.90 149.80 8.40 24.61 1.38 1014.20 297.76 2313.10 -16.27 31.19 -0.28 29.15
2015 296 7 0 0. 2459.90 147.02 9.30 24.13 1.53 1014.10 297.36 2312.88 -17.49 31.09 -1.09 29.04
2015 296 8 0 0. 2467.00 153.67 11.90 25.22 1.95 1014.30 297.26 2313.33 -18.70 30.99 -1.90 28.93
2015 296 9 0 0. 2464.10 150.31 9.00 24.62 1.47 1014.50 296.56 2313.79 -19.91 30.89 -2.71 28.82
2015 296 10 0 0. 2469.30 154.14 9.00 25.18 1.47 1015.10 295.48 2315.16 -21.12 30.78 -3.53 28.71
2015 296 11 0 0. 2471.50 154.97 9.10 25.29 1.48 1015.70 294.96 2316.53 -22.34 30.68 -4.34 28.59
2015 296 12 0 0. 2472.80 155.13 9.40 25.30 1.53 1016.20 294.76 2317.67 -23.55 30.58 -5.15 28.48
2015 296 13 0 0. 2472.80 154.91 9.70 25.24 1.58 1016.30 294.46 2317.89 -24.76 30.47 -5.96 28.37
2015 296 14 0 0. 2470.60 152.71 9.30 24.87 1.51 1016.30 294.26 2317.89 -25.98 30.37 -6.78 28.26
2015 296 15 0 0. 2468.10 150.43 8.70 24.50 1.42 1016.20 294.16 2317.67 -27.19 30.26 -7.59 28.14
2015 296 16 0 0. 2472.80 156.27 8.40 25.44 1.37 1015.70 294.06 2316.53 -28.40 30.16 -8.40 28.03
2015 296 17 0 0. 2473.80 157.27 8.40 25.59 1.37 1015.70 293.86 2316.53 -29.61 30.05 -9.21 27.91
2015 296 18 0 0. 2475.60 160.04 8.70 26.05 1.42 1015.27 293.96 2315.56 -30.83 29.94 -10.03 27.80
2015 296 19 0 0. 2473.30 158.37 9.20 25.76 1.50 1015.00 293.76 2314.93 -32.04 29.84 -10.84 27.68
2015 296 20 0 0. 2475.80 160.64 8.50 26.13 1.38 1015.10 293.66 2315.16 -33.25 29.73 -11.65 27.57
2015 296 21 0 0. 2477.10 161.03 8.40 26.17 1.37 1015.50 293.36 2316.07 -34.46 29.62 -12.46 27.45
2015 296 22 0 0. 2474.30 157.32 8.80 25.57 1.43 1015.90 293.46 2316.98 -35.68 29.52 -13.28 27.34
2015 296 23 0 0. 2479.00 160.42 9.70 26.11 1.58 1016.60 293.96 2318.58 -36.89 29.41 -14.09 27.22
2015 297 0 0 0. 2488.40 167.31 14.30 27.33 2.34 1017.70 295.46 2321.09 -33.60 31.00 -6.60 29.10
2015 297 1 0 0. 2492.70 170.93 9.70 28.01 1.59 1018.00 296.66 2321.77 -33.54 30.92 -7.00 29.00
2015 297 2 0 0. 2490.60 168.60 9.30 27.63 1.52 1018.10 296.71 2322.00 -33.48 30.83 -7.40 28.89
2015 297 3 0 0. 2483.90 162.81 8.50 26.73 1.40 1017.70 297.46 2321.09 -33.43 30.75 -7.80 28.79
2015 297 4 0 0. 2487.20 167.25 8.90 27.48 1.46 1017.20 297.76 2319.95 -33.37 30.66 -8.20 28.68
2015 297 5 0 0. 2493.80 175.45 10.90 28.86 1.79 1016.50 298.26 2318.35 -33.31 30.57 -8.60 28.58
2015 297 6 0 0. 2505.60 187.25 8.10 30.77 1.33 1016.50 297.76 2318.35 -33.25 30.49 -9.00 28.47
2015 297 7 0 0. 2518.20 199.39 9.50 32.70 1.56 1016.70 297.06 2318.81 -33.19 30.40 -9.40 28.37
2015 297 8 0 0. 2519.20 199.77 11.20 32.74 1.84 1016.97 296.76 2319.43 -33.13 30.32 -9.80 28.26
2015 297 9 0 0. 2508.50 188.32 8.60 30.80 1.41 1017.30 295.96 2320.18 -33.08 30.23 -10.20 28.15
2015 297 10 0 0. 2506.80 185.26 8.90 30.24 1.45 1017.90 295.16 2321.54 -33.02 30.14 -10.60 28.05
2015 297 11 0 0. 2511.00 188.09 8.80 30.67 1.43 1018.50 294.66 2322.91 -32.96 30.06 -11.00 27.94
2015 297 12 0 0. 2506.40 182.35 9.10 29.71 1.48 1019.00 294.46 2324.05 -32.90 29.97 -11.40 27.83
2015 297 13 0 0. 2503.80 178.61 9.60 29.09 1.56 1019.50 294.26 2325.19 -32.84 29.88 -11.80 27.72
2015 297 14 0 0. 2503.70 177.82 9.20 28.96 1.50 1019.80 294.16 2325.88 -32.78 29.79 -12.20 27.61
2015 297 15 0 0. 2500.10 174.45 8.80 28.39 1.43 1019.70 293.96 2325.65 -32.73 29.70 -12.60 27.50
2015 297 16 0 0. 2505.00 179.35 8.30 29.18 1.35 1019.70 293.76 2325.65 -32.67 29.62 -13.00 27.39
2015 297 17 0 0. 2503.90 178.71 8.20 29.06 1.33 1019.50 293.66 2325.19 -32.61 29.53 -13.40 27.28
2015 297 18 0 0. 2501.70 176.96 8.70 28.75 1.41 1019.30 293.26 2324.74 -32.55 29.44 -13.80 27.17
2015 297 19 0 0. 2495.90 171.85 9.10 27.91 1.48 1019.00 293.06 2324.05 -32.49 29.35 -14.20 27.06
2015 297 20 0 0. 2496.30 172.48 8.20 27.99 1.33 1018.90 292.76 2323.82 -32.43 29.26 -14.60 26.95
2015 297 21 0 0. 2508.60 183.86 8.20 29.83 1.33 1019.30 292.66 2324.74 -32.38 29.17 -15.00 26.84
2015 297 22 0 0. 2508.50 182.40 8.60 29.60 1.40 1019.90 292.86 2326.10 -32.32 29.08 -15.40 26.73
2015 297 23 0 0. 2516.30 189.05 9.20 30.72 1.50 1020.40 293.36 2327.25 -32.26 28.99 -15.80 26.61
2015 298 0 0 0. 2517.40 188.79 14.30 30.73 2.33 1021.00 294.06 2328.61 -16.90 30.70 20.40 28.90
2015 298 1 0 0. 2522.10 192.80 9.80 31.39 1.60 1021.30 294.06 2329.30 -16.75 30.61 19.40 28.80
2015 298 2 0 0. 2512.10 183.03 9.40 29.83 1.53 1021.20 294.56 2329.07 -16.61 30.51 18.39 28.69
2015 298 3 0 0. 2508.30 180.37 8.50 29.47 1.39 1020.70 295.46 2327.93 -16.46 30.42 17.39 28.59
2015 298 4 0 0. 2498.00 172.01 9.00 28.13 1.47 1019.85 295.91 2325.99 -16.32 30.33 16.38 28.48
2015 298 5 0 0. 2493.10 169.05 11.00 27.62 1.80 1019.00 295.56 2324.05 -16.17 30.24 15.38 28.38
2015 298 6 0 0. 2491.50 168.59 7.90 27.55 1.29 1018.50 295.56 2322.91 -16.02 30.14 14.38 28.27
2015 298 7 0 0. 2486.40 164.40 9.30 26.86 1.52 1018.10 295.56 2322.00 -15.88 30.05 13.37 28.17
2015 298 8 0 0. 2486.50 164.27 10.80 26.78 1.76 1018.20 294.66 2322.23 -15.73 29.95 12.37 28.06
2015 298 9 0 0. 2478.40 155.94 8.50 25.40 1.38 1018.30 294.26 2322.46 -15.59 29.86 11.36 27.95
2015 298 10 0 0. 2475.60 152.46 9.10 24.79 1.48 1018.60 293.66 2323.14 -15.44 29.76 10.36 27.85
2015 298 11 0 0. 2473.40 148.89 8.70 24.20 1.41 1019.20 293.36 2324.51 -15.30 29.67 9.35 27.74
2015 298 12 0 0. 2474.10 148.68 9.20 24.14 1.49 1019.60 293.06 2325.42 -15.15 29.57 8.35 27.63
2015 298 13 0 0. 2468.80 143.84 9.70 23.34 1.57 1019.40 292.76 2324.96 -15.00 29.48 7.35 27.52
2015 298 14 0 0. 2468.40 143.44 8.90 23.29 1.44 1019.40 292.96 2324.96 -14.86 29.38 6.34 27.41
2015 298 15 0 0. 2466.60 142.78 9.00 23.16 1.46 1018.90 292.66 2323.82 -14.71 29.28 5.34 27.30
2015 298 16 0 0. 2470.80 148.12 8.20 24.02 1.33 1018.40 292.49 2322.68 -14.57 29.19 4.33 27.19
2015 298 17 0 0. 2470.90 149.13 8.10 24.17 1.31 1018.00 292.36 2321.77 -14.42 29.09 3.33 27.08
2015 298 18 0 0. 2471.70 150.84 8.90 24.44 1.44 1017.60 292.26 2320.86 -14.28 28.99 2.33 26.97
2015 298 19 0 0. 2466.90 147.87 9.20 23.96 1.49 1016.80 292.26 2319.03 -14.13 28.89 1.32 26.86
2015 298 20 0 0. 2472.10 154.09 8.10 24.97 1.31 1016.35 292.26 2318.01 -13.98 28.80 0.32 26.75
2015 298 21 0 0. 2478.90 161.01 8.20 26.09 1.33 1016.30 292.26 2317.89 -13.84 28.70 -0.69 26.64
2015 298 22 0 0. 2492.60 174.25 8.60 28.24 1.39 1016.50 292.26 2318.35 -13.69 28.60 -1.69 26.53
2015 298 23 0 0. 2509.30 190.11 9.30 30.86 1.51 1016.87 292.93 2319.19 -13.55 28.50 -2.70 26.41
2015 299 0 0 0. 2524.10 204.38 15.50 33.27 2.52 1017.10 294.06 2319.72 -12.60 32.80 -14.30 31.90
2015 299 1 0 0. 2534.30 214.12 10.50 34.96 1.71 1017.30 295.26 2320.18 -14.74 32.71 -12.98 31.79
2015 299 2 0 0. 2533.50 214.69 10.10 35.12 1.65 1016.70 295.96 2318.81 -16.88 32.61 -11.67 31.68
2015 299 3 0 0. 2530.40 213.42 9.30 34.97 1.52 1015.90 296.66 2316.98 -19.01 32.52 -10.35 31.58
2015 299 4 0 0. 2525.90 212.03 10.20 34.82 1.68 1014.53 297.56 2313.87 -21.15 32.43 -9.03 31.47
2015 299 5 0 0. 2520.70 208.96 11.60 34.34 1.91 1013.60 297.86 2311.74 -23.29 32.33 -7.72 31.36
2015 299 6 0 0. 2523.20 213.29 8.60 35.16 1.42 1012.80 299.06 2309.91 -25.43 32.24 -6.40 31.25
2015 299 7 0 0. 2517.80 209.26 10.20 34.45 1.68 1012.20 298.54 2308.54 -27.56 32.15 -5.08 31.14
2015 299 8 0 0. 2518.40 209.63 11.50 34.45 1.89 1012.30 297.86 2308.77 -29.70 32.05 -3.77 31.03
2015 299 9 0 0. 2513.90 205.58 9.10 33.75 1.49 1012.10 297.36 2308.32 -31.84 31.96 -2.45 30.92
2015 299 10 0 0. 2523.30 214.07 9.90 35.09 1.62 1012.50 296.76 2309.23 -33.98 31.86 -1.13 30.80
2015 299 11 0 0. 2532.30 221.93 9.60 36.32 1.57 1013.00 296.16 2310.37 -36.11 31.77 0.18 30.69
2015 299 12 0 0. 2529.30 219.39 9.90 35.86 1.62 1012.80 295.66 2309.91 -38.25 31.67 1.50 30.58
2015 299 13 0 0. 2532.10 221.96 10.70 36.27 1.75 1012.90 295.56 2310.14 -40.39 31.57 2.82 30.47
2015 299 14 0 0. 2552.40 242.26 9.60 39.59 1.57 1012.90 295.56 2310.14 -42.52 31.48 4.13 30.35
2015 299 15 0 0. 2573.20 263.36 9.70 43.04 1.59 1012.77 295.56 2309.84 -44.66 31.38 5.45 30.24
2015 299 16 0 0. 2592.10 282.42 8.80 46.10 1.44 1012.70 295.16 2309.68 -46.80 31.29 6.77 30.13
2015 299 17 0 0. 2597.70 288.36 8.60 46.98 1.40 1012.55 294.36 2309.34 -48.94 31.19 8.08 30.01
2015 299 18 0 0. 2593.30 282.02 9.70 45.67 1.57 1013.40 291.96 2311.28 -51.07 31.09 9.40 29.90
2015 299 19 0 0. 2572.50 259.85 10.10 41.87 1.63 1014.00 289.96 2312.65 -53.21 30.99 10.72 29.78
2015 299 20 0 0. 2560.70 247.48 8.70 39.87 1.40 1014.25 289.96 2313.22 -55.35 30.90 12.03 29.67
2015 299 21 0 0. 2548.20 234.41 8.80 37.75 1.42 1014.50 289.76 2313.79 -57.49 30.80 13.35 29.55
2015 299 22 0 0. 2528.90 212.83 9.30 34.27 1.50 1015.50 289.76 2316.07 -59.62 30.70 14.67 29.43
2015 299 23 0 0. 2513.50 196.18 10.10 31.57 1.63 1016.05 289.46 2317.32 -61.76 30.60 15.98 29.32
