2015 282 0 0 0. 2501.10 189.90 10.30 30.96 1.68 1013.80 294.70 2311.20 -46.50 25.20 4.90 25.50
2015 282 1 0 0. 2497.00 185.80 9.10 30.30 1.48 1013.80 294.70 2311.20 -46.86 25.15 5.30 25.48
2015 282 2 0 0. 2499.40 188.20 8.40 30.69 1.37 1013.80 294.70 2311.20 -47.22 25.09 5.70 25.45
2015 282 3 0 0. 2488.40 177.20 8.30 28.89 1.35 1013.80 294.70 2311.20 -47.58 25.04 6.10 25.43
2015 282 4 0 0. 2482.40 171.20 7.70 27.92 1.26 1013.80 294.70 2311.20 -47.93 24.99 6.50 25.40
2015 282 5 0 0. 2471.20 160.00 8.40 26.09 1.37 1013.80 294.70 2311.20 -48.29 24.93 6.90 25.38
2015 282 6 0 0. 2471.80 160.60 10.60 26.19 1.73 1013.80 294.70 2311.20 -48.65 24.88 7.30 25.35
2015 282 7 0 0. 2468.20 157.00 7.30 25.60 1.19 1013.80 294.70 2311.20 -49.01 24.83 7.70 25.33
2015 282 8 0 0. 2463.80 152.60 8.40 24.88 1.37 1013.80 294.70 2311.20 -49.37 24.77 8.10 25.30
2015 282 9 0 0. 2466.00 154.80 10.40 25.24 1.70 1013.80 294.70 2311.20 -49.73 24.72 8.50 25.28
2015 282 10 0 0. 2452.50 141.30 7.60 23.04 1.24 1013.80 294.70 2311.20 -50.08 24.67 8.90 25.25
2015 282 11 0 0. 2441.70 130.50 8.20 21.28 1.34 1013.80 294.70 2311.20 -50.44 24.61 9.30 25.23
2015 282 12 0 0. 2431.90 120.70 8.20 19.68 1.34 1013.80 294.70 2311.20 -50.80 24.56 9.70 25.20
2015 282 13 0 0. 2418.30 107.10 8.30 17.46 1.35 1013.80 294.70 2311.20 -51.16 24.50 10.10 25.18
2015 282 14 0 0. 2415.40 104.20 9.10 16.99 1.48 1013.80 294.70 2311.20 -51.52 24.45 10.50 25.15
2015 282 15 0 0. 2409.10 97.90 8.60 15.96 1.40 1013.80 294.70 2311.20 -51.88 24.40 10.90 25.13
2015 282 16 0 0. 2397.60 86.40 7.70 14.09 1.26 1013.80 294.70 2311.20 -52.23 24.34 11.30 25.10
2015 282 17 0 0. 2393.40 82.20 7.70 13.40 1.26 1013.80 294.70 2311.20 -52.59 24.29 11.70 25.08
2015 282 18 0 0. 2398.80 87.60 7.50 14.28 1.22 1013.80 294.70 2311.20 -52.95 24.23 12.10 25.05
2015 282 19 0 0. 2388.10 76.90 8.20 12.54 1.34 1013.80 294.70 2311.20 -53.31 24.18 12.50 25.03
2015 282 20 0 0. 2382.50 71.30 8.60 11.63 1.40 1013.80 294.70 2311.20 -53.67 24.12 12.90 25.00
2015 282 21 0 0. 2374.30 63.10 7.40 10.29 1.21 1013.80 294.70 2311.20 -54.02 24.07 13.30 24.98
2015 282 22 0 0. 2373.30 62.10 7.60 10.13 1.24 1013.80 294.70 2311.20 -54.38 24.01 13.70 24.95
2015 282 23 0 0. 2369.70 58.50 8.10 9.54 1.32 1013.80 294.70 2311.20 -54.74 23.96 14.10 24.93
2015 283 0 0 0. 2375.50 63.80 11.30 10.40 1.84 1014.00 294.60 2311.70 -28.70 26.80 5.90 27.00
2015 283 1 0 0. 2375.20 63.50 10.20 10.35 1.66 1014.00 294.60 2311.70 -29.42 26.74 6.28 26.95
2015 283 2 0 0. 2373.20 61.50 8.30 10.03 1.35 1014.00 294.60 2311.70 -30.13 26.68 6.67 26.89
2015 283 3 0 0. 2368.50 56.80 8.70 9.26 1.42 1014.00 294.60 2311.70 -30.85 26.62 7.05 26.84
2015 283 4 0 0. 2374.10 62.40 8.50 10.17 1.39 1014.00 294.60 2311.70 -31.57 26.56 7.43 26.79
2015 283 5 0 0. 2390.70 79.00 9.00 12.88 1.47 1014.00 294.60 2311.70 -32.28 26.49 7.82 26.73
2015 283 6 0 0. 2393.60 81.90 11.10 13.35 1.81 1014.00 294.60 2311.70 -33.00 26.43 8.20 26.68
2015 283 7 0 0. 2393.10 81.40 7.70 13.27 1.26 1014.00 294.60 2311.70 -33.72 26.37 8.58 26.63
2015 283 8 0 0. 2404.00 92.30 8.60 15.05 1.40 1014.00 294.60 2311.70 -34.43 26.31 8.97 26.57
2015 283 9 0 0. 2417.00 105.30 10.00 17.17 1.63 1014.00 294.60 2311.70 -35.15 26.25 9.35 26.52
2015 283 10 0 0. 2433.10 121.40 8.00 19.79 1.30 1014.00 294.60 2311.70 -35.87 26.19 9.73 26.47
2015 283 11 0 0. 2439.60 127.90 8.60 20.85 1.40 1014.00 294.60 2311.70 -36.58 26.12 10.12 26.41
2015 283 12 0 0. 2429.30 117.60 8.50 19.17 1.39 1014.00 294.60 2311.70 -37.30 26.06 10.50 26.36
2015 283 13 0 0. 2437.50 125.80 8.40 20.51 1.37 1014.00 294.60 2311.70 -38.02 26.00 10.88 26.30
2015 283 14 0 0. 2441.40 129.70 9.50 21.14 1.55 1014.00 294.60 2311.70 -38.73 25.94 11.27 26.25
2015 283 15 0 0. 2403.00 91.30 8.80 14.88 1.43 1014.00 294.60 2311.70 -39.45 25.87 11.65 26.20
2015 283 16 0 0. 2384.00 72.30 8.30 11.79 1.35 1014.00 294.60 2311.70 -40.17 25.81 12.03 26.14
2015 283 17 0 0. 2391.30 79.60 8.00 12.98 1.30 1014.00 294.60 2311.70 -40.88 25.75 12.42 26.09
2015 283 18 0 0. 2395.60 83.90 7.70 13.68 1.26 1014.00 294.60 2311.70 -41.60 25.68 12.80 26.03
2015 283 19 0 0. 2387.30 75.60 8.80 12.32 1.43 1014.00 294.60 2311.70 -42.32 25.62 13.18 25.98
2015 283 20 0 0. 2383.10 71.40 9.10 11.64 1.48 1014.00 294.60 2311.70 -43.03 25.56 13.57 25.92
2015 283 21 0 0. 2370.20 58.50 7.60 9.54 1.24 1014.00 294.60 2311.70 -43.75 25.49 13.95 25.87
2015 283 22 0 0. 2368.00 56.30 7.80 9.18 1.27 1014.00 294.60 2311.70 -44.47 25.43 14.33 25.81
2015 283 23 0 0. 2365.50 53.80 8.50 8.77 1.39 1014.00 294.60 2311.70 -45.18 25.36 14.72 25.76
2015 284 0 0 0. 2367.70 55.60 9.50 9.06 1.55 1014.20 294.40 2312.10 -32.90 24.10 4.80 24.40
2015 284 1 0 0. 2368.70 56.60 8.80 9.22 1.43 1014.20 294.40 2312.10 -32.11 24.05 4.96 24.39
2015 284 2 0 0. 2369.20 57.10 8.00 9.30 1.30 1014.20 294.40 2312.10 -31.32 24.00 5.12 24.38
2015 284 3 0 0. 2369.50 57.40 7.90 9.35 1.29 1014.20 294.40 2312.10 -30.54 23.95 5.27 24.38
2015 284 4 0 0. 2378.60 66.50 7.30 10.84 1.19 1014.20 294.40 2312.10 -29.75 23.90 5.43 24.37
2015 284 5 0 0. 2377.10 65.00 8.20 10.59 1.34 1014.20 294.40 2312.10 -28.96 23.85 5.59 24.36
2015 284 6 0 0. 2383.30 71.20 9.60 11.60 1.56 1014.20 294.40 2312.10 -28.17 23.81 5.75 24.35
2015 284 7 0 0. 2385.00 72.90 6.80 11.88 1.11 1014.20 294.40 2312.10 -27.39 23.76 5.91 24.34
2015 284 8 0 0. 2386.80 74.70 8.30 12.17 1.35 1014.20 294.40 2312.10 -26.60 23.71 6.07 24.33
2015 284 9 0 0. 2389.40 77.30 9.40 12.59 1.53 1014.20 294.40 2312.10 -25.81 23.66 6.22 24.33
2015 284 10 0 0. 2385.50 73.40 7.30 11.96 1.19 1014.20 294.40 2312.10 -25.02 23.61 6.38 24.32
2015 284 11 0 0. 2385.10 73.00 7.90 11.89 1.29 1014.20 294.40 2312.10 -24.24 23.56 6.54 24.31
2015 284 12 0 0. 2387.00 74.90 7.30 12.20 1.19 1014.20 294.40 2312.10 -23.45 23.51 6.70 24.30
2015 284 13 0 0. 2385.70 73.60 7.80 11.99 1.27 1014.20 294.40 2312.10 -22.66 23.46 6.86 24.29
2015 284 14 0 0. 2387.10 75.00 8.80 12.22 1.43 1014.20 294.40 2312.10 -21.88 23.41 7.02 24.28
2015 284 15 0 0. 2389.50 77.40 7.70 12.61 1.25 1014.20 294.40 2312.10 -21.09 23.36 7.17 24.28
2015 284 16 0 0. 2393.20 81.10 7.70 13.21 1.25 1014.20 294.40 2312.10 -20.30 23.31 7.33 24.27
2015 284 17 0 0. 2393.70 81.60 7.20 13.30 1.17 1014.20 294.40 2312.10 -19.51 23.26 7.49 24.26
2015 284 18 0 0. 2396.00 83.90 6.90 13.67 1.12 1014.20 294.40 2312.10 -18.73 23.21 7.65 24.25
2015 284 19 0 0. 2392.80 80.70 8.30 13.15 1.35 1014.20 294.40 2312.10 -17.94 23.16 7.81 24.24
2015 284 20 0 0. 2395.70 83.60 10.00 13.62 1.63 1014.20 294.40 2312.10 -17.15 23.10 7.97 24.23
2015 284 21 0 0. 2396.60 84.50 6.90 13.77 1.12 1014.20 294.40 2312.10 -16.36 23.05 8.12 24.23
2015 284 22 0 0. 2397.90 85.80 7.30 13.98 1.19 1014.20 294.40 2312.10 -15.57 23.00 8.28 24.22
2015 284 23 0 0. 2399.00 86.90 8.00 14.16 1.30 1014.20 294.40 2312.10 -14.79 22.95 8.44 24.21
2015 285 0 0 0. 2402.50 89.90 9.70 14.64 1.58 1014.40 294.20 2312.60 -14.50 25.30 2.10 24.80
2015 285 1 0 0. 2399.40 86.80 9.00 14.14 1.47 1014.40 294.20 2312.60 -15.28 25.24 2.51 24.80
2015 285 2 0 0. 2397.90 85.30 7.80 13.89 1.27 1014.40 294.20 2312.60 -16.05 25.18 2.92 24.79
2015 285 3 0 0. 2396.70 84.10 8.10 13.70 1.32 1014.40 294.20 2312.60 -16.82 25.12 3.33 24.79
2015 285 4 0 0. 2396.10 83.50 7.40 13.60 1.21 1014.40 294.20 2312.60 -17.60 25.06 3.73 24.78
2015 285 5 0 0. 2393.00 80.40 8.30 13.09 1.35 1014.40 294.20 2312.60 -18.38 24.99 4.14 24.78
2015 285 6 0 0. 2390.60 78.00 9.50 12.70 1.55 1014.40 294.20 2312.60 -19.15 24.93 4.55 24.78
2015 285 7 0 0. 2394.00 81.40 6.90 13.26 1.12 1014.40 294.20 2312.60 -19.92 24.87 4.96 24.77
2015 285 8 0 0. 2400.70 88.10 8.60 14.35 1.40 1014.40 294.20 2312.60 -20.70 24.81 5.37 24.77
2015 285 9 0 0. 2409.90 97.30 9.10 15.85 1.48 1014.40 294.20 2312.60 -21.47 24.75 5.78 24.76
2015 285 10 0 0. 2406.60 94.00 7.60 15.31 1.24 1014.40 294.20 2312.60 -22.25 24.69 6.18 24.76
2015 285 11 0 0. 2403.90 91.30 8.30 14.87 1.35 1014.40 294.20 2312.60 -23.02 24.62 6.59 24.75
2015 285 12 0 0. 2407.30 94.70 7.50 15.42 1.22 1014.40 294.20 2312.60 -23.80 24.56 7.00 24.75
2015 285 13 0 0. 2408.60 96.00 8.30 15.63 1.35 1014.40 294.20 2312.60 -24.57 24.50 7.41 24.75
2015 285 14 0 0. 2400.50 87.90 9.30 14.31 1.51 1014.40 294.20 2312.60 -25.35 24.44 7.82 24.74
2015 285 15 0 0. 2398.90 86.30 7.90 14.05 1.29 1014.40 294.20 2312.60 -26.12 24.37 8.22 24.74
2015 285 16 0 0. 2395.90 83.30 8.20 13.57 1.34 1014.40 294.20 2312.60 -26.90 24.31 8.63 24.73
2015 285 17 0 0. 2392.00 79.40 7.40 12.93 1.21 1014.40 294.20 2312.60 -27.67 24.25 9.04 24.73
2015 285 18 0 0. 2397.50 84.90 7.10 13.83 1.16 1014.40 294.20 2312.60 -28.45 24.18 9.45 24.73
2015 285 19 0 0. 2399.60 87.00 8.50 14.17 1.38 1014.40 294.20 2312.60 -29.22 24.12 9.86 24.72
2015 285 20 0 0. 2399.80 87.20 8.60 14.20 1.40 1014.40 294.20 2312.60 -30.00 24.06 10.27 24.72
2015 285 21 0 0. 2397.30 84.70 7.20 13.79 1.17 1014.40 294.20 2312.60 -30.77 23.99 10.68 24.71
2015 285 22 0 0. 2399.50 86.90 7.30 14.15 1.19 1014.40 294.20 2312.60 -31.55 23.93 11.08 24.71
2015 285 23 0 0. 2401.40 88.80 8.20 14.46 1.34 1014.40 294.20 2312.60 -32.32 23.86 11.49 24.70
2015 286 0 0 0. 2402.30 89.30 10.10 14.54 1.64 1014.60 294.00 2313.00 -36.30 26.50 1.40 26.50
2015 286 1 0 0. 2402.50 89.50 9.30 14.57 1.51 1014.60 294.00 2313.00 -36.16 26.42 1.24 26.47
2015 286 2 0 0. 2403.30 90.30 8.90 14.70 1.45 1014.60 294.00 2313.00 -36.02 26.35 1.07 26.44
2015 286 3 0 0. 2401.10 88.10 9.10 14.34 1.48 1014.60 294.00 2313.00 -35.89 26.27 0.91 26.41
2015 286 4 0 0. 2402.30 89.30 7.90 14.54 1.29 1014.60 294.00 2313.00 -35.75 26.19 0.75 26.38
2015 286 5 0 0. 2395.80 82.80 9.20 13.48 1.50 1014.60 294.00 2313.00 -35.61 26.12 0.59 26.36
2015 286 6 0 0. 2403.50 90.50 9.80 14.73 1.60 1014.60 294.00 2313.00 -35.47 26.04 0.42 26.33
2015 286 7 0 0. 2410.20 97.20 7.30 15.82 1.19 1014.60 294.00 2313.00 -35.34 25.96 0.26 26.30
2015 286 8 0 0. 2408.50 95.50 9.50 15.54 1.55 1014.60 294.00 2313.00 -35.20 25.88 0.10 26.27
2015 286 9 0 0. 2416.70 103.70 9.30 16.88 1.51 1014.60 294.00 2313.00 -35.06 25.80 -0.06 26.24
2015 286 10 0 0. 2415.20 102.20 7.60 16.63 1.24 1014.60 294.00 2313.00 -34.92 25.73 -0.23 26.21
2015 286 11 0 0. 2419.00 106.00 8.60 17.25 1.40 1014.60 294.00 2313.00 -34.79 25.65 -0.39 26.18
2015 286 12 0 0. 2426.20 113.20 7.90 18.43 1.29 1014.60 294.00 2313.00 -34.65 25.57 -0.55 26.15
2015 286 13 0 0. 2415.20 102.20 8.40 16.63 1.37 1014.60 294.00 2313.00 -34.51 25.49 -0.71 26.12
2015 286 14 0 0. 2415.20 102.20 9.50 16.63 1.55 1014.60 294.00 2313.00 -34.38 25.41 -0.88 26.09
2015 286 15 0 0. 2415.50 102.50 8.00 16.68 1.30 1014.60 294.00 2313.00 -34.24 25.33 -1.04 26.06
2015 286 16 0 0. 2415.20 102.20 8.60 16.63 1.40 1014.60 294.00 2313.00 -34.10 25.25 -1.20 26.04
2015 286 17 0 0. 2415.00 102.00 7.70 16.60 1.25 1014.60 294.00 2313.00 -33.96 25.17 -1.36 26.01
2015 286 18 0 0. 2421.80 108.80 7.30 17.71 1.19 1014.60 294.00 2313.00 -33.83 25.09 -1.52 25.98
2015 286 19 0 0. 2418.70 105.70 8.80 17.20 1.43 1014.60 294.00 2313.00 -33.69 25.01 -1.69 25.95
2015 286 20 0 0. 2420.60 107.60 9.00 17.51 1.46 1014.60 294.00 2313.00 -33.55 24.93 -1.85 25.92
2015 286 21 0 0. 2419.40 106.40 7.50 17.32 1.22 1014.60 294.00 2313.00 -33.41 24.85 -2.01 25.89
2015 286 22 0 0. 2420.60 107.60 7.60 17.51 1.24 1014.60 294.00 2313.00 -33.27 24.76 -2.17 25.86
2015 286 23 0 0. 2421.70 108.70 8.50 17.69 1.38 1014.60 294.00 2313.00 -33.14 24.68 -2.34 25.83
2015 287 0 0 0. 2418.10 104.70 11.80 17.04 1.92 1014.70 293.90 2313.40 -32.40 32.30 -5.30 30.00
2015 287 1 0 0. 2419.00 105.60 10.30 17.18 1.68 1014.70 293.90 2313.40 -31.90 32.19 -4.93 29.93
2015 287 2 0 0. 2420.90 107.50 8.90 17.49 1.45 1014.70 293.90 2313.40 -31.40 32.08 -4.57 29.86
2015 287 3 0 0. 2421.00 107.60 9.20 17.51 1.50 1014.70 293.90 2313.40 -30.90 31.97 -4.20 29.79
2015 287 4 0 0. 2430.10 116.70 8.70 18.99 1.42 1014.70 293.90 2313.40 -30.40 31.87 -3.83 29.72
2015 287 5 0 0. 2431.90 118.50 9.80 19.28 1.59 1014.70 293.90 2313.40 -29.90 31.76 -3.47 29.65
2015 287 6 0 0. 2442.50 129.10 10.50 21.01 1.71 1014.70 293.90 2313.40 -29.40 31.65 -3.10 29.58
2015 287 7 0 0. 2437.10 123.70 8.20 20.13 1.33 1014.70 293.90 2313.40 -28.90 31.54 -2.73 29.51
2015 287 8 0 0. 2436.70 123.30 10.30 20.06 1.68 1014.70 293.90 2313.40 -28.40 31.43 -2.37 29.44
2015 287 9 0 0. 2441.80 128.40 10.10 20.89 1.64 1014.70 293.90 2313.40 -27.90 31.31 -2.00 29.37
2015 287 10 0 0. 2438.60 125.20 8.80 20.37 1.43 1014.70 293.90 2313.40 -27.40 31.20 -1.63 29.30
2015 287 11 0 0. 2438.30 124.90 9.50 20.32 1.55 1014.70 293.90 2313.40 -26.90 31.09 -1.27 29.23
2015 287 12 0 0. 2434.70 121.30 9.00 19.74 1.46 1014.70 293.90 2313.40 -26.40 30.98 -0.90 29.16
2015 287 13 0 0. 2434.60 121.20 10.00 19.72 1.63 1014.70 293.90 2313.40 -25.90 30.87 -0.53 29.09
2015 287 14 0 0. 2433.90 120.50 10.10 19.61 1.64 1014.70 293.90 2313.40 -25.40 30.75 -0.17 29.02
2015 287 15 0 0. 2436.00 122.60 8.80 19.95 1.43 1014.70 293.90 2313.40 -24.90 30.64 0.20 28.95
2015 287 16 0 0. 2427.80 114.40 9.50 18.62 1.55 1014.70 293.90 2313.40 -24.40 30.53 0.57 28.88
2015 287 17 0 0. 2426.70 113.30 8.50 18.44 1.38 1014.70 293.90 2313.40 -23.90 30.41 0.93 28.81
2015 287 18 0 0. 2421.80 108.40 8.20 17.64 1.33 1014.70 293.90 2313.40 -23.40 30.30 1.30 28.73
2015 287 19 0 0. 2419.10 105.70 9.70 17.20 1.58 1014.70 293.90 2313.40 -22.90 30.18 1.67 28.66
2015 287 20 0 0. 2413.90 100.50 9.80 16.35 1.59 1014.70 293.90 2313.40 -22.40 30.07 2.03 28.59
2015 287 21 0 0. 2414.70 101.30 8.40 16.48 1.37 1014.70 293.90 2313.40 -21.90 29.95 2.40 28.52
2015 287 22 0 0. 2414.30 100.90 8.50 16.42 1.38 1014.70 293.90 2313.40 -21.40 29.83 2.77 28.45
2015 287 23 0 0. 2413.00 99.60 9.20 16.21 1.50 1014.70 293.90 2313.40 -20.90 29.72 3.13 28.37
2015 288 0 0 0. 2417.30 103.40 10.80 16.82 1.76 1014.90 293.70 2313.90 -8.20 26.80 -22.60 26.10
2015 288 1 0 0. 2417.90 104.00 9.30 16.92 1.51 1014.90 293.70 2313.90 -8.41 26.73 -23.23 26.09
2015 288 2 0 0. 2422.60 108.70 8.30 17.68 1.35 1014.90 293.70 2313.90 -8.62 26.65 -23.86 26.08
2015 288 3 0 0. 2414.60 100.70 8.20 16.38 1.33 1014.90 293.70 2313.90 -8.83 26.58 -24.49 26.08
2015 288 4 0 0. 2416.00 102.10 8.00 16.61 1.30 1014.90 293.70 2313.90 -9.03 26.51 -25.12 26.07
2015 288 5 0 0. 2416.80 102.90 9.40 16.74 1.53 1014.90 293.70 2313.90 -9.24 26.44 -25.75 26.06
2015 288 6 0 0. 2424.60 110.70 9.30 18.00 1.51 1014.90 293.70 2313.90 -9.45 26.36 -26.37 26.05
2015 288 7 0 0. 2432.00 118.10 7.70 19.21 1.25 1014.90 293.70 2313.90 -9.66 26.29 -27.00 26.04
2015 288 8 0 0. 2442.00 128.10 9.40 20.83 1.53 1014.90 293.70 2313.90 -9.87 26.21 -27.63 26.03
2015 288 9 0 0. 2447.10 133.20 8.70 21.66 1.42 1014.90 293.70 2313.90 -10.08 26.14 -28.26 26.03
2015 288 10 0 0. 2446.10 132.20 7.90 21.50 1.28 1014.90 293.70 2313.90 -10.28 26.07 -28.89 26.02
2015 288 11 0 0. 2440.40 126.50 8.70 20.57 1.42 1014.90 293.70 2313.90 -10.49 25.99 -29.52 26.01
2015 288 12 0 0. 2423.40 109.50 7.90 17.81 1.28 1014.90 293.70 2313.90 -10.70 25.92 -30.15 26.00
2015 288 13 0 0. 2417.60 103.70 8.50 16.87 1.38 1014.90 293.70 2313.90 -10.91 25.84 -30.78 25.99
2015 288 14 0 0. 2422.20 108.30 9.60 17.61 1.56 1014.90 293.70 2313.90 -11.12 25.77 -31.41 25.98
2015 288 15 0 0. 2418.10 104.20 7.80 16.95 1.27 1014.90 293.70 2313.90 -11.32 25.69 -32.04 25.98
2015 288 16 0 0. 2417.40 103.50 8.80 16.83 1.43 1014.90 293.70 2313.90 -11.53 25.61 -32.67 25.97
2015 288 17 0 0. 2418.10 104.20 7.90 16.95 1.28 1014.90 293.70 2313.90 -11.74 25.54 -33.30 25.96
2015 288 18 0 0. 2421.90 108.00 7.30 17.57 1.19 1014.90 293.70 2313.90 -11.95 25.46 -33.92 25.95
2015 288 19 0 0. 2427.90 114.00 9.00 18.54 1.46 1014.90 293.70 2313.90 -12.16 25.39 -34.55 25.94
2015 288 20 0 0. 2435.20 121.30 9.20 19.73 1.50 1014.90 293.70 2313.90 -12.37 25.31 -35.18 25.93
2015 288 21 0 0. 2442.60 128.70 7.60 20.93 1.24 1014.90 293.70 2313.90 -12.57 25.23 -35.81 25.93
2015 288 22 0 0. 2440.40 126.50 7.70 20.57 1.25 1014.90 293.70 2313.90 -12.78 25.15 -36.44 25.92
2015 288 23 0 0. 2439.90 126.00 8.80 20.49 1.43 1014.90 293.70 2313.90 -12.99 25.08 -37.07 25.91
2015 289 0 0 0. 2438.50 124.20 10.10 20.19 1.64 1015.10 293.50 2314.30 -20.60 24.20 -9.70 23.70
2015 289 1 0 0. 2439.60 125.30 8.40 20.37 1.37 1015.10 293.50 2314.30 -20.47 24.15 -9.36 23.71
2015 289 2 0 0. 2437.50 123.20 7.60 20.03 1.24 1015.10 293.50 2314.30 -20.33 24.09 -9.03 23.73
2015 289 3 0 0. 2440.50 126.20 7.40 20.52 1.20 1015.10 293.50 2314.30 -20.20 24.04 -8.69 23.74
2015 289 4 0 0. 2440.90 126.60 7.10 20.58 1.15 1015.10 293.50 2314.30 -20.07 23.99 -8.35 23.75
2015 289 5 0 0. 2435.80 121.50 8.50 19.75 1.38 1015.10 293.50 2314.30 -19.93 23.93 -8.01 23.76
2015 289 6 0 0. 2439.70 125.40 8.00 20.39 1.30 1015.10 293.50 2314.30 -19.80 23.88 -7.68 23.78
2015 289 7 0 0. 2429.00 114.70 6.90 18.65 1.12 1015.10 293.50 2314.30 -19.67 23.83 -7.34 23.79
2015 289 8 0 0. 2423.50 109.20 8.70 17.75 1.41 1015.10 293.50 2314.30 -19.53 23.77 -7.00 23.80
2015 289 9 0 0. 2417.50 103.20 7.70 16.78 1.25 1015.10 293.50 2314.30 -19.40 23.72 -6.66 23.81
2015 289 10 0 0. 2416.60 102.30 7.10 16.63 1.15 1015.10 293.50 2314.30 -19.27 23.67 -6.33 23.83
2015 289 11 0 0. 2419.60 105.30 7.90 17.12 1.28 1015.10 293.50 2314.30 -19.13 23.61 -5.99 23.84
2015 289 12 0 0. 2420.90 106.60 7.20 17.33 1.17 1015.10 293.50 2314.30 -19.00 23.56 -5.65 23.85
2015 289 13 0 0. 2416.10 101.80 7.80 16.55 1.27 1015.10 293.50 2314.30 -18.87 23.50 -5.31 23.86
2015 289 14 0 0. 2412.20 97.90 8.90 15.92 1.45 1015.10 293.50 2314.30 -18.73 23.45 -4.98 23.88
2015 289 15 0 0. 2405.40 91.10 7.10 14.81 1.15 1015.10 293.50 2314.30 -18.60 23.40 -4.64 23.89
2015 289 16 0 0. 2401.00 86.70 8.00 14.09 1.30 1015.10 293.50 2314.30 -18.47 23.34 -4.30 23.90
2015 289 17 0 0. 2397.90 83.60 7.20 13.59 1.17 1015.10 293.50 2314.30 -18.33 23.29 -3.96 23.91
2015 289 18 0 0. 2401.60 87.30 6.60 14.19 1.07 1015.10 293.50 2314.30 -18.20 23.23 -3.63 23.93
2015 289 19 0 0. 2398.70 84.40 8.00 13.72 1.30 1015.10 293.50 2314.30 -18.07 23.18 -3.29 23.94
2015 289 20 0 0. 2399.20 84.90 8.40 13.80 1.37 1015.10 293.50 2314.30 -17.93 23.12 -2.95 23.95
2015 289 21 0 0. 2397.60 83.30 7.00 13.54 1.14 1015.10 293.50 2314.30 -17.80 23.07 -2.61 23.96
2015 289 22 0 0. 2400.30 86.00 7.00 13.98 1.14 1015.10 293.50 2314.30 -17.67 23.01 -2.28 23.98
2015 289 23 0 0. 2400.00 85.70 8.20 13.93 1.33 1015.10 293.50 2314.30 -17.53 22.96 -1.94 23.99
2015 290 0 0 0. 2402.70 88.00 11.20 14.30 1.82 1015.30 293.30 2314.70 0.50 25.60 -34.40 26.30
2015 290 1 0 0. 2403.90 89.20 9.30 14.49 1.51 1015.30 293.30 2314.70 0.24 25.57 -33.04 26.26
2015 290 2 0 0. 2405.90 91.20 8.70 14.82 1.41 1015.30 293.30 2314.70 -0.02 25.54 -31.68 26.23
2015 290 3 0 0. 2400.90 86.20 8.20 14.01 1.33 1015.30 293.30 2314.70 -0.28 25.51 -30.32 26.19
2015 290 4 0 0. 2395.90 81.20 7.90 13.19 1.28 1015.30 293.30 2314.70 -0.53 25.48 -28.97 26.15
2015 290 5 0 0. 2388.30 73.60 9.70 11.96 1.58 1015.30 293.30 2314.70 -0.79 25.46 -27.61 26.12
2015 290 6 0 0. 2386.40 71.70 8.40 11.65 1.36 1015.30 293.30 2314.70 -1.05 25.43 -26.25 26.08
2015 290 7 0 0. 2398.10 83.40 7.50 13.55 1.22 1015.30 293.30 2314.70 -1.31 25.40 -24.89 26.04
2015 290 8 0 0. 2401.30 86.60 10.40 14.07 1.69 1015.30 293.30 2314.70 -1.57 25.37 -23.53 26.00
2015 290 9 0 0. 2399.60 84.90 8.00 13.79 1.30 1015.30 293.30 2314.70 -1.83 25.34 -22.18 25.97
2015 290 10 0 0. 2397.60 82.90 7.70 13.47 1.25 1015.30 293.30 2314.70 -2.08 25.31 -20.82 25.93
2015 290 11 0 0. 2387.80 73.10 8.60 11.88 1.40 1015.30 293.30 2314.70 -2.34 25.28 -19.46 25.89
2015 290 12 0 0. 2393.10 78.40 7.90 12.74 1.28 1015.30 293.30 2314.70 -2.60 25.25 -18.10 25.85
2015 290 13 0 0. 2393.40 78.70 8.50 12.79 1.38 1015.30 293.30 2314.70 -2.86 25.22 -16.74 25.82
2015 290 14 0 0. 2393.50 78.80 9.20 12.80 1.49 1015.30 293.30 2314.70 -3.12 25.19 -15.38 25.78
2015 290 15 0 0. 2400.30 85.60 7.50 13.91 1.22 1015.30 293.30 2314.70 -3.38 25.16 -14.03 25.74
2015 290 16 0 0. 2402.20 87.50 8.50 14.22 1.38 1015.30 293.30 2314.70 -3.63 25.14 -12.67 25.70
2015 290 17 0 0. 2401.30 86.60 8.00 14.07 1.30 1015.30 293.30 2314.70 -3.89 25.11 -11.31 25.67
2015 290 18 0 0. 2401.00 86.30 7.20 14.02 1.17 1015.30 293.30 2314.70 -4.15 25.08 -9.95 25.63
2015 290 19 0 0. 2403.30 88.60 8.50 14.40 1.38 1015.30 293.30 2314.70 -4.41 25.05 -8.59 25.59
2015 290 20 0 0. 2404.20 89.50 8.90 14.54 1.45 1015.30 293.30 2314.70 -4.67 25.02 -7.23 25.55
2015 290 21 0 0. 2399.30 84.60 7.60 13.75 1.23 1015.30 293.30 2314.70 -4.92 24.99 -5.88 25.51
2015 290 22 0 0. 2403.90 89.20 7.60 14.49 1.23 1015.30 293.30 2314.70 -5.18 24.96 -4.52 25.48
2015 290 23 0 0. 2411.50 96.80 8.10 15.73 1.32 1015.30 293.30 2314.70 -5.44 24.93 -3.16 25.44
2015 291 0 0 0. 2421.10 106.00 11.60 17.21 1.88 1015.50 293.10 2315.10 -8.80 26.10 -5.60 26.00
2015 291 1 0 0. 2422.10 107.00 9.10 17.38 1.48 1015.50 293.10 2315.10 -10.03 26.06 -5.12 25.97
2015 291 2 0 0. 2425.10 110.00 8.50 17.86 1.38 1015.50 293.10 2315.10 -11.25 26.03 -4.63 25.93
2015 291 3 0 0. 2423.80 108.70 7.90 17.65 1.28 1015.50 293.10 2315.10 -12.47 25.99 -4.15 25.90
2015 291 4 0 0. 2420.30 105.20 7.80 17.08 1.27 1015.50 293.10 2315.10 -13.70 25.95 -3.67 25.87
2015 291 5 0 0. 2414.10 99.00 9.80 16.08 1.59 1015.50 293.10 2315.10 -14.92 25.92 -3.18 25.84
2015 291 6 0 0. 2403.20 88.10 8.60 14.31 1.40 1015.50 293.10 2315.10 -16.15 25.88 -2.70 25.80
2015 291 7 0 0. 2406.70 91.60 7.60 14.88 1.23 1015.50 293.10 2315.10 -17.38 25.84 -2.22 25.77
2015 291 8 0 0. 2416.10 101.00 9.60 16.40 1.56 1015.50 293.10 2315.10 -18.60 25.80 -1.73 25.74
2015 291 9 0 0. 2418.00 102.90 8.00 16.71 1.30 1015.50 293.10 2315.10 -19.82 25.77 -1.25 25.70
2015 291 10 0 0. 2419.80 104.70 7.90 17.00 1.28 1015.50 293.10 2315.10 -21.05 25.73 -0.77 25.67
2015 291 11 0 0. 2419.80 104.70 8.60 17.00 1.40 1015.50 293.10 2315.10 -22.27 25.69 -0.28 25.64
2015 291 12 0 0. 2429.50 114.40 8.00 18.58 1.30 1015.50 293.10 2315.10 -23.50 25.65 0.20 25.60
2015 291 13 0 0. 2426.20 111.10 8.50 18.04 1.38 1015.50 293.10 2315.10 -24.72 25.62 0.68 25.57
2015 291 14 0 0. 2424.00 108.90 9.10 17.69 1.48 1015.50 293.10 2315.10 -25.95 25.58 1.17 25.54
2015 291 15 0 0. 2421.60 106.50 7.50 17.30 1.22 1015.50 293.10 2315.10 -27.17 25.54 1.65 25.50
2015 291 16 0 0. 2418.80 103.70 8.60 16.84 1.40 1015.50 293.10 2315.10 -28.40 25.50 2.13 25.47
2015 291 17 0 0. 2419.10 104.00 8.00 16.89 1.30 1015.50 293.10 2315.10 -29.62 25.47 2.62 25.44
2015 291 18 0 0. 2422.30 107.20 7.30 17.41 1.19 1015.50 293.10 2315.10 -30.85 25.43 3.10 25.40
2015 291 19 0 0. 2422.10 107.00 8.40 17.38 1.36 1015.50 293.10 2315.10 -32.07 25.39 3.58 25.37
2015 291 20 0 0. 2424.10 109.00 8.70 17.70 1.41 1015.50 293.10 2315.10 -33.30 25.35 4.07 25.34
2015 291 21 0 0. 2419.40 104.30 7.70 16.94 1.25 1015.50 293.10 2315.10 -34.52 25.31 4.55 25.30
2015 291 22 0 0. 2419.50 104.40 7.70 16.95 1.25 1015.50 293.10 2315.10 -35.75 25.28 5.03 25.27
2015 291 23 0 0. 2424.40 109.30 8.20 17.75 1.33 1015.50 293.10 2315.10 -36.97 25.24 5.52 25.23
2015 292 0 0 0. 2425.20 109.70 13.50 17.81 2.19 1015.70 292.90 2315.50 29.30 29.20 -47.30 29.00
2015 292 1 0 0. 2425.50 110.00 10.00 17.86 1.62 1015.70 292.90 2315.50 28.19 29.18 -46.08 28.96
2015 292 2 0 0. 2419.50 104.00 9.40 16.88 1.53 1015.70 292.90 2315.50 27.08 29.16 -44.85 28.92
2015 292 3 0 0. 2412.00 96.50 8.80 15.66 1.43 1015.70 292.90 2315.50 25.98 29.14 -43.62 28.88
2015 292 4 0 0. 2411.60 96.10 8.80 15.60 1.43 1015.70 292.90 2315.50 24.87 29.12 -42.40 28.84
2015 292 5 0 0. 2416.00 100.50 10.80 16.31 1.75 1015.70 292.90 2315.50 23.76 29.10 -41.18 28.79
2015 292 6 0 0. 2425.10 109.60 8.90 17.79 1.44 1015.70 292.90 2315.50 22.65 29.08 -39.95 28.75
2015 292 7 0 0. 2429.20 113.70 8.50 18.46 1.38 1015.70 292.90 2315.50 21.54 29.06 -38.73 28.71
2015 292 8 0 0. 2430.00 114.50 10.90 18.59 1.77 1015.70 292.90 2315.50 20.43 29.03 -37.50 28.67
2015 292 9 0 0. 2418.90 103.40 8.90 16.78 1.44 1015.70 292.90 2315.50 19.32 29.01 -36.28 28.63
2015 292 10 0 0. 2425.80 110.30 8.80 17.90 1.43 1015.70 292.90 2315.50 18.22 28.99 -35.05 28.59
2015 292 11 0 0. 2437.10 121.60 9.40 19.74 1.53 1015.70 292.90 2315.50 17.11 28.97 -33.83 28.55
2015 292 12 0 0. 2437.50 122.00 9.30 19.80 1.51 1015.70 292.90 2315.50 16.00 28.95 -32.60 28.50
2015 292 13 0 0. 2434.00 118.50 9.90 19.23 1.61 1015.70 292.90 2315.50 14.89 28.93 -31.38 28.46
2015 292 14 0 0. 2426.80 111.30 9.90 18.07 1.61 1015.70 292.90 2315.50 13.78 28.91 -30.15 28.42
2015 292 15 0 0. 2424.20 108.70 8.50 17.64 1.38 1015.70 292.90 2315.50 12.68 28.89 -28.93 28.38
2015 292 16 0 0. 2425.80 110.30 9.00 17.90 1.46 1015.70 292.90 2315.50 11.57 28.87 -27.70 28.34
2015 292 17 0 0. 2435.30 119.80 8.90 19.45 1.44 1015.70 292.90 2315.50 10.46 28.85 -26.48 28.30
2015 292 18 0 0. 2443.70 128.20 8.20 20.81 1.33 1015.70 292.90 2315.50 9.35 28.83 -25.25 28.25
2015 292 19 0 0. 2447.60 132.10 9.50 21.44 1.54 1015.70 292.90 2315.50 8.24 28.80 -24.02 28.21
2015 292 20 0 0. 2444.40 128.90 9.40 20.92 1.53 1015.70 292.90 2315.50 7.13 28.78 -22.80 28.17
2015 292 21 0 0. 2443.30 127.80 8.70 20.74 1.41 1015.70 292.90 2315.50 6.03 28.76 -21.57 28.13
2015 292 22 0 0. 2452.00 136.50 8.70 22.16 1.41 1015.70 292.90 2315.50 4.92 28.74 -20.35 28.08
2015 292 23 0 0. 2440.80 125.30 9.00 20.34 1.46 1015.70 292.90 2315.50 3.81 28.72 -19.12 28.04
2015 293 0 0 0. 2439.80 123.90 12.40 20.11 2.01 1015.80 292.80 2315.90 -27.20 25.80 -1.70 25.80
2015 293 1 0 0. 2444.20 128.30 9.30 20.82 1.51 1015.80 292.80 2315.90 -26.65 25.77 -1.96 25.75
2015 293 2 0 0. 2449.60 133.70 8.70 21.70 1.41 1015.80 292.80 2315.90 -26.10 25.73 -2.23 25.70
2015 293 3 0 0. 2458.40 142.50 7.90 23.12 1.28 1015.80 292.80 2315.90 -25.55 25.70 -2.49 25.65
2015 293 4 0 0. 2445.10 129.20 8.30 20.97 1.35 1015.80 292.80 2315.90 -25.00 25.67 -2.75 25.60
2015 293 5 0 0. 2446.80 130.90 11.90 21.24 1.93 1015.80 292.80 2315.90 -24.45 25.64 -3.01 25.55
2015 293 6 0 0. 2460.70 144.80 7.70 23.50 1.25 1015.80 292.80 2315.90 -23.90 25.60 -3.27 25.51
2015 293 7 0 0. 2465.90 150.00 7.70 24.34 1.25 1015.80 292.80 2315.90 -23.35 25.57 -3.54 25.46
2015 293 8 0 0. 2472.40 156.50 10.90 25.40 1.77 1015.80 292.80 2315.90 -22.80 25.54 -3.80 25.41
2015 293 9 0 0. 2474.60 158.70 7.80 25.75 1.27 1015.80 292.80 2315.90 -22.25 25.50 -4.06 25.36
2015 293 10 0 0. 2474.90 159.00 7.90 25.80 1.28 1015.80 292.80 2315.90 -21.70 25.47 -4.33 25.31
2015 293 11 0 0. 2464.40 148.50 8.10 24.10 1.31 1015.80 292.80 2315.90 -21.15 25.44 -4.59 25.26
2015 293 12 0 0. 2457.00 141.10 8.20 22.90 1.33 1015.80 292.80 2315.90 -20.60 25.40 -4.85 25.21
2015 293 13 0 0. 2450.00 134.10 8.30 21.76 1.35 1015.80 292.80 2315.90 -20.05 25.37 -5.11 25.16
2015 293 14 0 0. 2449.60 133.70 8.80 21.70 1.43 1015.80 292.80 2315.90 -19.50 25.34 -5.38 25.11
2015 293 15 0 0. 2446.50 130.60 7.60 21.19 1.23 1015.80 292.80 2315.90 -18.95 25.30 -5.64 25.06
2015 293 16 0 0. 2434.20 118.30 8.00 19.20 1.30 1015.80 292.80 2315.90 -18.40 25.27 -5.90 25.01
2015 293 17 0 0. 2425.70 109.80 8.00 17.82 1.30 1015.80 292.80 2315.90 -17.85 25.24 -6.16 24.96
2015 293 18 0 0. 2422.50 106.60 7.40 17.30 1.20 1015.80 292.80 2315.90 -17.30 25.20 -6.42 24.91
2015 293 19 0 0. 2421.40 105.50 8.30 17.12 1.35 1015.80 292.80 2315.90 -16.75 25.17 -6.69 24.85
2015 293 20 0 0. 2422.10 106.20 8.20 17.23 1.33 1015.80 292.80 2315.90 -16.20 25.14 -6.95 24.80
2015 293 21 0 0. 2419.80 103.90 7.80 16.86 1.27 1015.80 292.80 2315.90 -15.65 25.10 -7.21 24.75
2015 293 22 0 0. 2412.70 96.80 7.80 15.71 1.27 1015.80 292.80 2315.90 -15.10 25.07 -7.47 24.70
2015 293 23 0 0. 2410.80 94.90 8.10 15.40 1.31 1015.80 292.80 2315.90 -14.55 25.03 -7.74 24.65
2015 294 0 0 0. 2418.40 102.00 12.70 16.54 2.06 1016.00 292.60 2316.40 -15.90 26.00 11.60 25.90
2015 294 1 0 0. 2415.60 99.20 9.30 16.09 1.51 1016.00 292.60 2316.40 -16.06 25.95 11.40 25.84
2015 294 2 0 0. 2416.30 99.90 8.70 16.20 1.41 1016.00 292.60 2316.40 -16.22 25.89 11.20 25.78
2015 294 3 0 0. 2429.60 113.20 7.80 18.36 1.27 1016.00 292.60 2316.40 -16.37 25.84 11.00 25.72
2015 294 4 0 0. 2423.50 107.10 8.20 17.37 1.33 1016.00 292.60 2316.40 -16.53 25.79 10.80 25.66
2015 294 5 0 0. 2412.50 96.10 10.40 15.59 1.69 1016.00 292.60 2316.40 -16.69 25.73 10.60 25.59
2015 294 6 0 0. 2409.20 92.80 7.60 15.05 1.23 1016.00 292.60 2316.40 -16.85 25.68 10.40 25.53
2015 294 7 0 0. 2411.90 95.50 7.90 15.49 1.28 1016.00 292.60 2316.40 -17.01 25.63 10.20 25.47
2015 294 8 0 0. 2416.00 99.60 10.70 16.15 1.74 1016.00 292.60 2316.40 -17.17 25.57 10.00 25.41
2015 294 9 0 0. 2411.10 94.70 7.70 15.36 1.25 1016.00 292.60 2316.40 -17.32 25.52 9.80 25.35
2015 294 10 0 0. 2406.20 89.80 8.10 14.57 1.31 1016.00 292.60 2316.40 -17.48 25.47 9.60 25.29
2015 294 11 0 0. 2411.00 94.60 8.10 15.34 1.31 1016.00 292.60 2316.40 -17.64 25.41 9.40 25.22
2015 294 12 0 0. 2421.40 105.00 8.30 17.03 1.35 1016.00 292.60 2316.40 -17.80 25.36 9.20 25.16
2015 294 13 0 0. 2432.50 116.10 8.80 18.83 1.43 1016.00 292.60 2316.40 -17.96 25.30 9.00 25.10
2015 294 14 0 0. 2425.50 109.10 8.70 17.70 1.41 1016.00 292.60 2316.40 -18.12 25.25 8.80 25.04
2015 294 15 0 0. 2433.80 117.40 7.60 19.04 1.23 1016.00 292.60 2316.40 -18.27 25.20 8.60 24.97
2015 294 16 0 0. 2435.50 119.10 7.70 19.32 1.25 1016.00 292.60 2316.40 -18.43 25.14 8.40 24.91
2015 294 17 0 0. 2433.80 117.40 7.70 19.04 1.25 1016.00 292.60 2316.40 -18.59 25.09 8.20 24.85
2015 294 18 0 0. 2434.90 118.50 7.50 19.22 1.22 1016.00 292.60 2316.40 -18.75 25.03 8.00 24.78
2015 294 19 0 0. 2436.60 120.20 8.30 19.50 1.35 1016.00 292.60 2316.40 -18.91 24.98 7.80 24.72
2015 294 20 0 0. 2439.60 123.20 7.90 19.98 1.28 1016.00 292.60 2316.40 -19.07 24.92 7.60 24.66
2015 294 21 0 0. 2444.50 128.10 7.60 20.78 1.23 1016.00 292.60 2316.40 -19.22 24.87 7.40 24.59
2015 294 22 0 0. 2447.70 131.30 7.80 21.30 1.27 1016.00 292.60 2316.40 -19.38 24.81 7.20 24.53
2015 294 23 0 0. 2450.30 133.90 8.20 21.72 1.33 1016.00 292.60 2316.40 -19.54 24.76 7.00 24.46
2015 295 0 0 0. 2452.70 135.90 13.90 22.03 2.25 1016.20 292.40 2316.80 -22.90 31.40 -1.70 29.70
2015 295 1 0 0. 2453.00 136.20 9.70 22.08 1.57 1016.20 292.40 2316.80 -23.29 31.30 -1.05 29.58
2015 295 2 0 0. 2445.70 128.90 9.40 20.90 1.52 1016.20 292.40 2316.80 -23.67 31.19 -0.40 29.47
2015 295 3 0 0. 2446.60 129.80 8.80 21.04 1.43 1016.20 292.40 2316.80 -24.06 31.09 0.25 29.35
2015 295 4 0 0. 2435.40 118.60 9.10 19.23 1.48 1016.20 292.40 2316.80 -24.45 30.98 0.90 29.24
2015 295 5 0 0. 2434.60 117.80 11.60 19.10 1.88 1016.20 292.40 2316.80 -24.84 30.88 1.55 29.12
2015 295 6 0 0. 2439.70 122.90 8.40 19.92 1.36 1016.20 292.40 2316.80 -25.23 30.77 2.20 29.00
2015 295 7 0 0. 2437.10 120.30 9.00 19.50 1.46 1016.20 292.40 2316.80 -25.61 30.66 2.85 28.88
2015 295 8 0 0. 2442.60 125.80 11.10 20.39 1.80 1016.20 292.40 2316.80 -26.00 30.56 3.50 28.77
2015 295 9 0 0. 2439.60 122.80 8.70 19.91 1.41 1016.20 292.40 2316.80 -26.39 30.45 4.15 28.65
2015 295 10 0 0. 2440.70 123.90 8.90 20.09 1.44 1016.20 292.40 2316.80 -26.77 30.34 4.80 28.53
2015 295 11 0 0. 2440.90 124.10 9.00 20.12 1.46 1016.20 292.40 2316.80 -27.16 30.24 5.45 28.41
2015 295 12 0 0. 2444.40 127.60 9.40 20.69 1.52 1016.20 292.40 2316.80 -27.55 30.13 6.10 28.29
2015 295 13 0 0. 2441.60 124.80 10.10 20.23 1.64 1016.20 292.40 2316.80 -27.94 30.02 6.75 28.17
2015 295 14 0 0. 2439.60 122.80 9.10 19.91 1.48 1016.20 292.40 2316.80 -28.33 29.91 7.40 28.04
2015 295 15 0 0. 2433.80 117.00 8.50 18.97 1.38 1016.20 292.40 2316.80 -28.71 29.80 8.05 27.92
2015 295 16 0 0. 2440.70 123.90 8.40 20.09 1.36 1016.20 292.40 2316.80 -29.10 29.69 8.70 27.80
2015 295 17 0 0. 2435.80 119.00 8.40 19.29 1.36 1016.20 292.40 2316.80 -29.49 29.58 9.35 27.68
2015 295 18 0 0. 2440.80 124.00 8.40 20.10 1.36 1016.20 292.40 2316.80 -29.88 29.47 10.00 27.55
2015 295 19 0 0. 2437.20 120.40 9.10 19.52 1.48 1016.20 292.40 2316.80 -30.26 29.36 10.65 27.43
2015 295 20 0 0. 2437.20 120.40 8.50 19.52 1.38 1016.20 292.40 2316.80 -30.65 29.25 11.30 27.30
2015 295 21 0 0. 2434.30 117.50 8.30 19.05 1.35 1016.20 292.40 2316.80 -31.04 29.14 11.95 27.18
2015 295 22 0 0. 2434.10 117.30 8.60 19.02 1.39 1016.20 292.40 2316.80 -31.43 29.03 12.60 27.05
2015 295 23 0 0. 2445.20 128.40 9.40 20.82 1.52 1016.20 292.40 2316.80 -31.81 28.91 13.25 26.93
2015 296 0 0 0. 2441.70 124.50 14.40 20.17 2.33 1016.40 292.20 2317.20 -9.00 31.80 4.60 29.80
2015 296 1 0 0. 2447.70 130.50 9.90 21.15 1.60 1016.40 292.20 2317.20 -10.21 31.70 3.79 29.69
2015 296 2 0 0. 2455.40 138.20 9.40 22.39 1.52 1016.40 292.20 2317.20 -11.43 31.60 2.97 29.58
2015 296 3 0 0. 2457.10 139.90 8.80 22.67 1.43 1016.40 292.20 2317.20 -12.64 31.50 2.16 29.48
2015 296 4 0 0. 2459.60 142.40 9.00 23.07 1.46 1016.40 292.20 2317.20 -13.85 31.40 1.35 29.37
2015 296 5 0 0. 2458.40 141.20 11.10 22.88 1.80 1016.40 292.20 2317.20 -15.06 31.30 0.54 29.26
2015 296 6 0 0. 2462.90 145.70 8.40 23.61 1.36 1016.40 292.20 2317.20 -16.27 31.19 -0.28 29.15
2015 296 7 0 0. 2459.90 142.70 9.30 23.12 1.51 1016.40 292.20 2317.20 -17.49 31.09 -1.09 29.04
2015 296 8 0 0. 2467.00 149.80 11.90 24.27 1.93 1016.40 292.20 2317.20 -18.70 30.99 -1.90 28.93
2015 296 9 0 0. 2464.10 146.90 9.00 23.80 1.46 1016.40 292.20 2317.20 -19.91 30.89 -2.71 28.82
2015 296 10 0 0. 2469.30 152.10 9.00 24.65 1.46 1016.40 292.20 2317.20 -21.12 30.78 -3.53 28.71
2015 296 11 0 0. 2471.50 154.30 9.10 25.00 1.47 1016.40 292.20 2317.20 -22.34 30.68 -4.34 28.59
2015 296 12 0 0. 2472.80 155.60 9.40 25.21 1.52 1016.40 292.20 2317.20 -23.55 30.58 -5.15 28.48
2015 296 13 0 0. 2472.80 155.60 9.70 25.21 1.57 1016.40 292.20 2317.20 -24.76 30.47 -5.96 28.37
2015 296 14 0 0. 2470.60 153.40 9.30 24.86 1.51 1016.40 292.20 2317.20 -25.98 30.37 -6.78 28.26
2015 296 15 0 0. 2468.10 150.90 8.70 24.45 1.41 1016.40 292.20 2317.20 -27.19 30.26 -7.59 28.14
2015 296 16 0 0. 2472.80 155.60 8.40 25.21 1.36 1016.40 292.20 2317.20 -28.40 30.16 -8.40 28.03
2015 296 17 0 0. 2473.70 156.50 8.40 25.36 1.36 1016.40 292.20 2317.20 -29.61 30.05 -9.21 27.91
2015 296 18 0 0. 2475.50 158.30 8.70 25.65 1.41 1016.40 292.20 2317.20 -30.83 29.94 -10.03 27.80
2015 296 19 0 0. 2473.30 156.10 9.20 25.29 1.49 1016.40 292.20 2317.20 -32.04 29.84 -10.84 27.68
2015 296 20 0 0. 2475.80 158.60 8.50 25.70 1.38 1016.40 292.20 2317.20 -33.25 29.73 -11.65 27.57
2015 296 21 0 0. 2477.10 159.90 8.40 25.91 1.36 1016.40 292.20 2317.20 -34.46 29.62 -12.46 27.45
2015 296 22 0 0. 2474.20 157.00 8.80 25.44 1.43 1016.40 292.20 2317.20 -35.68 29.52 -13.28 27.34
2015 296 23 0 0. 2479.00 161.80 9.70 26.22 1.57 1016.40 292.20 2317.20 -36.89 29.41 -14.09 27.22
2015 297 0 0 0. 2488.40 170.80 14.30 27.66 2.32 1016.60 292.00 2317.60 -33.60 31.00 -6.60 29.10
2015 297 1 0 0. 2492.70 175.10 9.70 28.36 1.57 1016.60 292.00 2317.60 -33.54 30.92 -7.00 29.00
2015 297 2 0 0. 2490.60 173.00 9.30 28.02 1.51 1016.60 292.00 2317.60 -33.48 30.83 -7.40 28.89
2015 297 3 0 0. 2483.90 166.30 8.50 26.93 1.38 1016.60 292.00 2317.60 -33.43 30.75 -7.80 28.79
2015 297 4 0 0. 2487.20 169.60 8.90 27.47 1.44 1016.60 292.00 2317.60 -33.37 30.66 -8.20 28.68
2015 297 5 0 0. 2493.80 176.20 10.90 28.54 1.77 1016.60 292.00 2317.60 -33.31 30.57 -8.60 28.58
2015 297 6 0 0. 2505.60 188.00 8.10 30.45 1.31 1016.60 292.00 2317.60 -33.25 30.49 -9.00 28.47
2015 297 7 0 0. 2518.20 200.60 9.50 32.49 1.54 1016.60 292.00 2317.60 -33.19 30.40 -9.40 28.37
2015 297 8 0 0. 2519.20 201.60 11.20 32.65 1.81 1016.60 292.00 2317.60 -33.13 30.32 -9.80 28.26
2015 297 9 0 0. 2508.50 190.90 8.60 30.92 1.39 1016.60 292.00 2317.60 -33.08 30.23 -10.20 28.15
2015 297 10 0 0. 2506.80 189.20 8.90 30.64 1.44 1016.60 292.00 2317.60 -33.02 30.14 -10.60 28.05
2015 297 11 0 0. 2511.00 193.40 8.80 31.32 1.43 1016.60 292.00 2317.60 -32.96 30.06 -11.00 27.94
2015 297 12 0 0. 2506.40 188.80 9.10 30.58 1.47 1016.60 292.00 2317.60 -32.90 29.97 -11.40 27.83
2015 297 13 0 0. 2503.80 186.20 9.60 30.16 1.55 1016.60 292.00 2317.60 -32.84 29.88 -11.80 27.72
2015 297 14 0 0. 2503.70 186.10 9.20 30.14 1.49 1016.60 292.00 2317.60 -32.78 29.79 -12.20 27.61
2015 297 15 0 0. 2500.10 182.50 8.80 29.56 1.43 1016.60 292.00 2317.60 -32.73 29.70 -12.60 27.50
2015 297 16 0 0. 2505.00 187.40 8.30 30.35 1.34 1016.60 292.00 2317.60 -32.67 29.62 -13.00 27.39
2015 297 17 0 0. 2503.90 186.30 8.20 30.17 1.33 1016.60 292.00 2317.60 -32.61 29.53 -13.40 27.28
2015 297 18 0 0. 2501.70 184.10 8.70 29.82 1.41 1016.60 292.00 2317.60 -32.55 29.44 -13.80 27.17
2015 297 19 0 0. 2495.90 178.30 9.10 28.88 1.47 1016.60 292.00 2317.60 -32.49 29.35 -14.20 27.06
2015 297 20 0 0. 2496.30 178.70 8.20 28.94 1.33 1016.60 292.00 2317.60 -32.43 29.26 -14.60 26.95
2015 297 21 0 0. 2508.60 191.00 8.20 30.93 1.33 1016.60 292.00 2317.60 -32.38 29.17 -15.00 26.84
2015 297 22 0 0. 2508.50 190.90 8.60 30.92 1.39 1016.60 292.00 2317.60 -32.32 29.08 -15.40 26.73
2015 297 23 0 0. 2516.30 198.70 9.20 32.18 1.49 1016.60 292.00 2317.60 -32.26 28.99 -15.80 26.61
2015 298 0 0 0. 2517.40 199.50 14.30 32.29 2.31 1016.70 291.80 2317.90 -16.90 30.70 20.40 28.90
2015 298 1 0 0. 2522.20 204.30 9.80 33.07 1.59 1016.70 291.80 2317.90 -16.75 30.61 19.40 28.80
2015 298 2 0 0. 2512.10 194.20 9.40 31.43 1.52 1016.70 291.80 2317.90 -16.61 30.51 18.39 28.69
2015 298 3 0 0. 2508.40 190.50 8.50 30.84 1.38 1016.70 291.80 2317.90 -16.46 30.42 17.39 28.59
2015 298 4 0 0. 2498.10 180.20 9.00 29.17 1.46 1016.70 291.80 2317.90 -16.32 30.33 16.38 28.48
2015 298 5 0 0. 2493.10 175.20 11.00 28.36 1.78 1016.70 291.80 2317.90 -16.17 30.24 15.38 28.38
2015 298 6 0 0. 2491.50 173.60 7.90 28.10 1.28 1016.70 291.80 2317.90 -16.02 30.14 14.38 28.27
2015 298 7 0 0. 2486.40 168.50 9.30 27.27 1.51 1016.70 291.80 2317.90 -15.88 30.05 13.37 28.17
2015 298 8 0 0. 2486.50 168.60 10.80 27.29 1.75 1016.70 291.80 2317.90 -15.73 29.95 12.37 28.06
2015 298 9 0 0. 2478.40 160.50 8.50 25.98 1.38 1016.70 291.80 2317.90 -15.59 29.86 11.36 27.95
2015 298 10 0 0. 2475.60 157.70 9.10 25.53 1.47 1016.70 291.80 2317.90 -15.44 29.76 10.36 27.85
2015 298 11 0 0. 2473.50 155.60 8.70 25.19 1.41 1016.70 291.80 2317.90 -15.30 29.67 9.35 27.74
2015 298 12 0 0. 2474.20 156.30 9.20 25.30 1.49 1016.70 291.80 2317.90 -15.15 29.57 8.35 27.63
2015 298 13 0 0. 2468.90 151.00 9.70 24.44 1.57 1016.70 291.80 2317.90 -15.00 29.48 7.35 27.52
2015 298 14 0 0. 2468.40 150.50 8.90 24.36 1.44 1016.70 291.80 2317.90 -14.86 29.38 6.34 27.41
2015 298 15 0 0. 2466.60 148.70 9.00 24.07 1.46 1016.70 291.80 2317.90 -14.71 29.28 5.34 27.30
2015 298 16 0 0. 2470.80 152.90 8.20 24.75 1.33 1016.70 291.80 2317.90 -14.57 29.19 4.33 27.19
2015 298 17 0 0. 2470.90 153.00 8.10 24.77 1.31 1016.70 291.80 2317.90 -14.42 29.09 3.33 27.08
2015 298 18 0 0. 2471.70 153.80 8.90 24.90 1.44 1016.70 291.80 2317.90 -14.28 28.99 2.33 26.97
2015 298 19 0 0. 2466.90 149.00 9.20 24.12 1.49 1016.70 291.80 2317.90 -14.13 28.89 1.32 26.86
2015 298 20 0 0. 2472.20 154.30 8.10 24.98 1.31 1016.70 291.80 2317.90 -13.98 28.80 0.32 26.75
2015 298 21 0 0. 2478.90 161.00 8.20 26.06 1.33 1016.70 291.80 2317.90 -13.84 28.70 -0.69 26.64
2015 298 22 0 0. 2492.60 174.70 8.60 28.28 1.39 1016.70 291.80 2317.90 -13.69 28.60 -1.69 26.53
2015 298 23 0 0. 2509.30 191.40 9.30 30.98 1.51 1016.70 291.80 2317.90 -13.55 28.50 -2.70 26.41
2015 299 0 0 0. 2524.10 205.80 15.50 33.30 2.51 1016.90 291.60 2318.30 -12.60 32.80 -14.30 31.90
2015 299 1 0 0. 2534.30 216.00 10.50 34.95 1.70 1016.90 291.60 2318.30 -14.74 32.71 -12.98 31.79
2015 299 2 0 0. 2533.60 215.30 10.10 34.83 1.63 1016.90 291.60 2318.30 -16.88 32.61 -11.67 31.68
2015 299 3 0 0. 2530.40 212.10 9.30 34.32 1.50 1016.90 291.60 2318.30 -19.01 32.52 -10.35 31.58
2015 299 4 0 0. 2525.90 207.60 10.20 33.59 1.65 1016.90 291.60 2318.30 -21.15 32.43 -9.03 31.47
2015 299 5 0 0. 2520.70 202.40 11.60 32.75 1.88 1016.90 291.60 2318.30 -23.29 32.33 -7.72 31.36
2015 299 6 0 0. 2523.20 204.90 8.60 33.15 1.39 1016.90 291.60 2318.30 -25.43 32.24 -6.40 31.25
2015 299 7 0 0. 2517.80 199.50 10.20 32.28 1.65 1016.90 291.60 2318.30 -27.56 32.15 -5.08 31.14
2015 299 8 0 0. 2518.40 200.10 11.50 32.37 1.86 1016.90 291.60 2318.30 -29.70 32.05 -3.77 31.03
2015 299 9 0 0. 2513.90 195.60 9.10 31.65 1.47 1016.90 291.60 2318.30 -31.84 31.96 -2.45 30.92
2015 299 10 0 0. 2523.30 205.00 9.90 33.17 1.60 1016.90 291.60 2318.30 -33.98 31.86 -1.13 30.80
2015 299 11 0 0. 2532.30 214.00 9.60 34.62 1.55 1016.90 291.60 2318.30 -36.11 31.77 0.18 30.69
2015 299 12 0 0. 2529.30 211.00 9.90 34.14 1.60 1016.90 291.60 2318.30 -38.25 31.67 1.50 30.58
2015 299 13 0 0. 2532.10 213.80 10.70 34.59 1.73 1016.90 291.60 2318.30 -40.39 31.57 2.82 30.47
2015 299 14 0 0. 2552.50 234.20 9.60 37.89 1.55 1016.90 291.60 2318.30 -42.52 31.48 4.13 30.35
2015 299 15 0 0. 2573.30 255.00 9.70 41.26 1.57 1016.90 291.60 2318.30 -44.66 31.38 5.45 30.24
2015 299 16 0 0. 2592.20 273.90 8.80 44.31 1.42 1016.90 291.60 2318.30 -46.80 31.29 6.77 30.13
2015 299 17 0 0. 2597.70 279.40 8.60 45.20 1.39 1016.90 291.60 2318.30 -48.94 31.19 8.08 30.01
2015 299 18 0 0. 2593.30 275.00 9.70 44.49 1.57 1016.90 291.60 2318.30 -51.07 31.09 9.40 29.90
2015 299 19 0 0. 2572.50 254.20 10.10 41.13 1.63 1016.90 291.60 2318.30 -53.21 30.99 10.72 29.78
2015 299 20 0 0. 2560.70 242.40 8.70 39.22 1.41 1016.90 291.60 2318.30 -55.35 30.90 12.03 29.67
2015 299 21 0 0. 2548.20 229.90 8.80 37.19 1.42 1016.90 291.60 2318.30 -57.49 30.80 13.35 29.55
2015 299 22 0 0. 2528.90 210.60 9.30 34.07 1.50 1016.90 291.60 2318.30 -59.62 30.70 14.67 29.43
2015 299 23 0 0. 2513.50 195.20 10.10 31.58 1.63 1016.90 291.60 2318.30 -61.76 30.60 15.98 29.32
