* Estimated atmospheric values for TJCH. Height estimate:    36.8776 +/- 0.1253 m.
* METUTIL Version 3.0  2009-08-27
* Input files: otesta.034                  tjch0340.15m  ZTD-file sigmas scaled by   1.0
* Yr  Doy Hr Mn Sec  Total Zen  Wet Zen  Sig Zen    PW   Sig PW (mm)  Press (hPa)  Temp (K) ZHD (mm)   Grad NS   Sig NS  Grad EW   Sig EW (mm)
 2015  34  0  0  0.    2435.90    87.90   11.30   13.75    1.77        1029.50      278.46   2348.00    -39.50    28.20    17.00    26.80
 2015  34  1  0  0.    2432.20    84.43    9.40   13.22    1.47        1029.40      278.86   2347.77    -38.94    28.15    16.91    26.66
 2015  34  2  0  0.    2430.50    81.59    9.40   12.79    1.47        1029.90      279.26   2348.91    -38.38    28.09    16.82    26.52
 2015  34  3  0  0.    2425.20    76.97    8.40   12.07    1.32        1029.60      279.36   2348.23    -37.83    28.04    16.73    26.38
 2015  34  4  0  0.    2421.40    74.77    8.90   11.73    1.40        1028.90      279.66   2346.63    -37.27    27.99    16.63    26.23
 2015  34  5  0  0.    2419.60    74.34    8.20   11.66    1.29        1028.30      279.56   2345.26    -36.71    27.93    16.54    26.09
 2015  34  6  0  0.    2418.60    74.71    8.40   11.72    1.32        1027.70      279.66   2343.89    -36.15    27.88    16.45    25.95
 2015  34  7  0  0.    2418.90    75.01    7.90   11.77    1.24        1027.70      279.71   2343.89    -35.59    27.83    16.36    25.80
 2015  34  8  0  0.    2411.70    68.49    8.20   10.75    1.29        1027.40      279.76   2343.21    -35.03    27.77    16.27    25.66
 2015  34  9  0  0.    2411.10    67.43    8.60   10.58    1.35        1027.60      279.76   2343.67    -34.48    27.72    16.18    25.51
 2015  34 10  0  0.    2414.90    70.32    7.90   11.03    1.24        1028.00      279.56   2344.58    -33.92    27.67    16.08    25.36
 2015  34 11  0  0.    2413.60    68.11    8.50   10.68    1.33        1028.40      279.46   2345.49    -33.36    27.61    15.99    25.21
 2015  34 12  0  0.    2408.40    62.45    8.90    9.79    1.40        1028.60      279.36   2345.95    -32.80    27.56    15.90    25.06
 2015  34 13  0  0.    2410.70    64.30    9.60   10.06    1.50        1028.80      278.76   2346.40    -32.24    27.50    15.81    24.91
 2015  34 14  0  0.    2408.40    62.45    8.20    9.77    1.28        1028.60      278.56   2345.95    -31.68    27.45    15.72    24.76
 2015  34 15  0  0.    2406.70    61.64    7.60    9.65    1.19        1028.21      278.66   2345.06    -31.12    27.39    15.62    24.61
 2015  34 16  0  0.    2405.00    61.09    7.60    9.56    1.19        1027.71      278.76   2343.91    -30.57    27.34    15.53    24.46
 2015  34 17  0  0.    2407.80    64.80    7.70   10.14    1.20        1027.31      278.66   2343.00    -30.01    27.29    15.44    24.31
 2015  34 18  0  0.    2406.90    63.23    7.80    9.89    1.22        1027.60      278.46   2343.67    -29.45    27.23    15.35    24.15
 2015  34 19  0  0.    2408.30    65.55    7.50   10.25    1.17        1027.20      278.46   2342.75    -28.89    27.18    15.26    23.99
 2015  34 20  0  0.    2406.80    64.73    7.80   10.12    1.22        1026.90      278.36   2342.07    -28.33    27.12    15.17    23.84
 2015  34 21  0  0.    2396.90    55.51    7.40    8.68    1.16        1026.60      278.16   2341.39    -27.78    27.07    15.08    23.68
 2015  34 22  0  0.    2393.00    50.25    7.50    7.84    1.17        1027.20      277.66   2342.75    -27.22    27.01    14.98    23.52
 2015  34 23  0  0.    2390.60    46.48    8.00    7.24    1.25        1027.80      277.06   2344.12    -26.66    26.96    14.89    23.36
 2015  35  0  0  0.    2390.50    45.01    8.70    7.02    1.36        1028.40      277.16   2345.49    -26.10    26.90    14.80    23.20
