* Estimated atmospheric values for TJCH. Height estimate:    36.7466 +/- 0.1550 m.
* METUTIL Version 3.0  2009-08-27
* Input files: otesta.039                  tjch0390.15m  ZTD-file sigmas scaled by   1.0
* Yr  Doy Hr Mn Sec  Total Zen  Wet Zen  Sig Zen    PW   Sig PW (mm)  Press (hPa)  Temp (K) ZHD (mm)   Grad NS   Sig NS  Grad EW   Sig EW (mm)
 2015  39  0  0  0.    2371.30    22.16   13.30    3.44    2.06        1030.00      275.06   2349.14    -37.00    30.40    12.40    27.10
 2015  39  1  0  0.    2373.70    23.89   10.90    3.70    1.69        1030.30      274.76   2349.81    -36.78    30.37    12.77    26.99
 2015  39  2  0  0.    2370.70    20.20    9.60    3.13    1.49        1030.59      274.56   2350.50    -36.56    30.34    13.14    26.87
 2015  39  3  0  0.    2369.50    18.55    9.10    2.87    1.41        1030.79      274.27   2350.95    -36.34    30.31    13.51    26.75
 2015  39  4  0  0.    2367.50    16.09    9.70    2.49    1.50        1030.99      274.07   2351.41    -36.12    30.28    13.88    26.64
 2015  39  5  0  0.    2367.60    15.73    9.00    2.43    1.39        1031.20      273.86   2351.87    -35.90    30.26    14.25    26.52
 2015  39  6  0  0.    2364.40    12.07    9.30    1.86    1.44        1031.40      273.66   2352.33    -35.67    30.23    14.62    26.40
 2015  39  7  0  0.    2365.90    13.12    9.60    2.03    1.48        1031.60      273.46   2352.78    -35.45    30.20    15.00    26.29
 2015  39  8  0  0.    2362.60     9.37    9.20    1.45    1.42        1031.80      273.26   2353.23    -35.23    30.17    15.37    26.17
 2015  39  9  0  0.    2371.50    18.04    9.70    2.78    1.50        1031.90      273.16   2353.46    -35.01    30.14    15.74    26.05
 2015  39 10  0  0.    2373.80    19.88    8.80    3.07    1.36        1032.09      273.06   2353.92    -34.79    30.11    16.11    25.93
 2015  39 11  0  0.    2372.40    18.25    8.60    2.81    1.33        1032.20      272.86   2354.15    -34.57    30.08    16.48    25.81
 2015  39 12  0  0.    2368.70    14.32    9.20    2.21    1.42        1032.30      272.86   2354.38    -34.35    30.05    16.85    25.69
 2015  39 13  0  0.    2375.50    21.11    8.70    3.25    1.34        1032.30      272.76   2354.39    -34.13    30.02    17.22    25.57
 2015  39 14  0  0.    2371.40    16.79    9.20    2.59    1.42        1032.40      272.66   2354.61    -33.91    29.99    17.59    25.45
 2015  39 15  0  0.    2372.50    17.66    8.50    2.72    1.31        1032.50      272.66   2354.84    -33.69    29.96    17.96    25.33
 2015  39 16  0  0.    2372.70    17.86    8.40    2.75    1.29        1032.50      272.66   2354.84    -33.47    29.94    18.33    25.20
 2015  39 17  0  0.    2371.30    16.46    8.60    2.54    1.32        1032.50      272.66   2354.84    -33.25    29.91    18.70    25.08
 2015  39 18  0  0.    2371.10    16.49    9.00    2.54    1.39        1032.40      272.66   2354.61    -33.02    29.88    19.07    24.96
 2015  39 19  0  0.    2374.00    18.93    8.40    2.92    1.29        1032.60      272.66   2355.07    -32.80    29.85    19.45    24.83
 2015  39 20  0  0.    2376.50    21.89    8.90    3.37    1.37        1032.40      272.76   2354.61    -32.58    29.82    19.82    24.71
 2015  39 21  0  0.    2375.40    21.24    8.30    3.27    1.28        1032.20      272.86   2354.16    -32.36    29.79    20.19    24.58
 2015  39 22  0  0.    2377.40    22.33    8.90    3.44    1.37        1032.60      272.86   2355.07    -32.14    29.76    20.56    24.45
 2015  39 23  0  0.    2377.50    21.52    9.20    3.32    1.42        1033.00      273.06   2355.98    -31.92    29.73    20.93    24.33
 2015  40  0  0  0.    2377.40    20.05   12.00    3.09    1.85        1033.60      273.36   2357.35    -31.70    29.70    21.30    24.20
