 2015 288  4  0  0.    2416.10    97.52    8.00   16.01    1.31        1016.60      297.46   2318.58     -9.03    26.51   -25.12    26.07
 2015 288  5  0  0.    2416.80    97.54    9.40   16.00    1.54        1016.90      297.01   2319.26     -9.24    26.44   -25.75    26.06
 2015 288  6  0  0.    2424.60   105.22    9.30   17.25    1.53        1016.95      296.96   2319.38     -9.45    26.36   -26.37    26.05
 2015 288  7  0  0.    2432.00   112.51    7.70   18.45    1.26        1017.00      296.91   2319.49     -9.66    26.29   -27.00    26.04
 2015 288  8  0  0.    2442.00   122.51    9.40   20.08    1.54        1017.00      296.81   2319.49     -9.87    26.21   -27.63    26.03
 2015 288  9  0  0.    2447.20   127.60    8.70   20.91    1.43        1017.05      296.76   2319.60    -10.08    26.14   -28.26    26.03
 2015 288 10  0  0.    2446.20   126.48    7.90   20.73    1.29        1017.10      296.71   2319.72    -10.28    26.07   -28.89    26.02
 2015 288 11  0  0.    2440.50   120.67    8.70   19.77    1.43        1017.15      296.61   2319.83    -10.49    25.99   -29.52    26.01
 2015 288 12  0  0.    2423.40   103.45    7.90   16.95    1.29        1017.20      296.51   2319.95    -10.70    25.92   -30.15    26.00
 2015 288 13  0  0.    2417.70    97.64    8.50   15.99    1.39        1017.25      296.41   2320.06    -10.91    25.84   -30.78    25.99
 2015 288 14  0  0.    2422.20   102.02    9.60   16.70    1.57        1017.30      296.31   2320.18    -11.12    25.77   -31.41    25.98
 2015 288 15  0  0.    2418.10    97.81    7.80   16.01    1.28        1017.35      296.16   2320.29    -11.32    25.69   -32.04    25.98
 2015 288 16  0  0.    2417.40    97.00    8.80   15.87    1.44        1017.40      296.01   2320.40    -11.53    25.61   -32.67    25.97
 2015 288 17  0  0.    2418.10    97.58    7.90   15.96    1.29        1017.45      295.91   2320.52    -11.74    25.54   -33.30    25.96
 2015 288 18  0  0.    2422.00   101.37    7.30   16.57    1.19        1017.50      295.76   2320.63    -11.95    25.46   -33.92    25.95
 2015 288 19  0  0.    2427.90   107.15    9.00   17.51    1.47        1017.55      295.61   2320.75    -12.16    25.39   -34.55    25.94
 2015 288 20  0  0.    2435.30   114.33    9.20   18.68    1.50        1017.65      295.51   2320.97    -12.37    25.31   -35.18    25.93
 2015 288 21  0  0.    2442.70   121.61    7.60   19.86    1.24        1017.70      295.36   2321.09    -12.57    25.23   -35.81    25.93
 2015 288 22  0  0.    2440.40   119.20    7.70   19.46    1.26        1017.75      295.21   2321.20    -12.78    25.15   -36.44    25.92
 2015 288 23  0  0.    2439.90   118.58    8.80   19.35    1.44        1017.80      295.06   2321.32    -12.99    25.08   -37.07    25.91
