 2015 292 13  0  0.    2434.00   121.35    9.90   19.73    1.61        1014.00      293.46   2312.65     14.89    28.93   -31.38    28.46
 2015 292 14  0  0.    2426.80   114.49    9.90   18.62    1.61        1013.85      293.76   2312.31     13.78    28.91   -30.15    28.42
 2015 292 15  0  0.    2424.20   112.24    8.50   18.26    1.38        1013.70      293.81   2311.96     12.68    28.89   -28.93    28.38
 2015 292 16  0  0.    2425.80   114.18    9.00   18.58    1.46        1013.55      293.86   2311.62     11.57    28.87   -27.70    28.34
 2015 292 17  0  0.    2435.40   124.12    8.90   20.20    1.45        1013.40      293.91   2311.28     10.46    28.85   -26.48    28.30
 2015 292 18  0  0.    2443.80   132.86    8.20   21.63    1.33        1013.25      294.01   2310.94      9.35    28.83   -25.25    28.25
 2015 292 19  0  0.    2447.60   136.89    9.50   22.28    1.55        1013.15      294.06   2310.71      8.24    28.80   -24.02    28.21
 2015 292 20  0  0.    2444.40   133.92    9.40   21.80    1.53        1013.05      294.11   2310.48      7.13    28.78   -22.80    28.17
 2015 292 21  0  0.    2443.30   133.05    8.70   21.66    1.42        1012.95      294.16   2310.25      6.03    28.76   -21.57    28.13
 2015 292 22  0  0.    2452.00   141.97    8.70   23.12    1.42        1012.85      294.21   2310.03      4.92    28.74   -20.35    28.08
 2015 292 23  0  0.    2440.80   131.00    9.00   21.34    1.47        1012.75      294.31   2309.80      3.81    28.72   -19.12    28.04
 2015 293  0  0  0.    2439.80   130.12   12.40   21.20    2.02        1012.70      294.46   2309.68    -27.20    25.80    -1.70    25.80
 2015 293  1  0  0.    2444.20   134.63    9.30   21.94    1.52        1012.65      294.51   2309.57    -26.65    25.77    -1.96    25.75
 2015 293  2  0  0.    2449.60   140.26    8.70   22.86    1.42        1012.55      294.56   2309.34    -26.10    25.73    -2.23    25.70
 2015 293  3  0  0.    2458.40   149.17    7.90   24.32    1.29        1012.50      294.61   2309.23    -25.55    25.70    -2.49    25.65
 2015 293  4  0  0.    2445.10   135.99    8.30   22.17    1.35        1012.45      294.71   2309.11    -25.00    25.67    -2.75    25.60
 2015 293  5  0  0.    2446.80   137.80   11.90   22.48    1.94        1012.40      294.81   2309.00    -24.45    25.64    -3.01    25.55
 2015 293  6  0  0.    2460.70   151.70    7.70   24.75    1.26        1012.40      294.91   2309.00    -23.90    25.60    -3.27    25.51
 2015 293  7  0  0.    2465.90   157.01    7.70   25.62    1.26        1012.35      295.01   2308.89    -23.35    25.57    -3.54    25.46
 2015 293  8  0  0.    2472.40   163.63   10.90   26.71    1.78        1012.30      295.11   2308.77    -22.80    25.54    -3.80    25.41
