 2015 282  4  0  0.    2482.40   170.89    7.70   28.02    1.26        1013.50      296.86   2311.51    -47.93    24.99     6.50    25.40
 2015 282  5  0  0.    2471.20   161.86    8.40   26.54    1.38        1012.55      296.96   2309.34    -48.29    24.93     6.90    25.38
 2015 282  6  0  0.    2471.80   163.94   10.60   26.90    1.74        1011.90      297.26   2307.86    -48.65    24.88     7.30    25.35
 2015 282  7  0  0.    2468.20   161.25    7.30   26.44    1.20        1011.50      296.86   2306.95    -49.01    24.83     7.70    25.33
 2015 282  8  0  0.    2463.80   157.08    8.40   25.74    1.38        1011.40      296.66   2306.72    -49.37    24.77     8.10    25.30
 2015 282  9  0  0.    2466.00   158.37   10.40   25.92    1.70        1011.80      296.26   2307.63    -49.73    24.72     8.50    25.28
 2015 282 10  0  0.    2452.50   144.41    7.60   23.60    1.24        1012.00      295.66   2308.09    -50.08    24.67     8.90    25.25
 2015 282 11  0  0.    2441.70   132.24    8.20   21.59    1.34        1012.60      295.16   2309.46    -50.44    24.61     9.30    25.23
 2015 282 12  0  0.    2431.90   121.76    8.20   19.84    1.34        1012.90      294.46   2310.14    -50.80    24.56     9.70    25.20
 2015 282 13  0  0.    2418.30   107.48    8.30   17.49    1.35        1013.20      293.86   2310.82    -51.16    24.50    10.10    25.18
 2015 282 14  0  0.    2415.40   104.35    9.10   16.97    1.48        1013.30      293.56   2311.05    -51.52    24.45    10.50    25.15
 2015 282 15  0  0.    2409.10    98.05    8.60   15.92    1.40        1013.30      293.01   2311.05    -51.88    24.40    10.90    25.13
 2015 282 16  0  0.    2397.60    87.46    7.70   14.19    1.25        1012.90      292.66   2310.14    -52.23    24.34    11.30    25.10
 2015 282 17  0  0.    2393.40    83.72    7.70   13.57    1.25        1012.70      292.36   2309.68    -52.59    24.29    11.70    25.08
 2015 282 18  0  0.    2398.80    89.57    7.50   14.50    1.21        1012.50      291.96   2309.23    -52.95    24.23    12.10    25.05
 2015 282 19  0  0.    2388.10    79.33    8.20   12.84    1.33        1012.30      291.66   2308.77    -53.31    24.18    12.50    25.03
 2015 282 20  0  0.    2382.40    74.08    8.60   11.98    1.39        1012.10      291.36   2308.32    -53.67    24.12    12.90    25.00
 2015 282 21  0  0.    2374.30    66.21    7.40   10.70    1.20        1012.00      290.96   2308.09    -54.02    24.07    13.30    24.98
 2015 282 22  0  0.    2373.30    64.30    7.60   10.38    1.23        1012.40      290.76   2309.00    -54.38    24.01    13.70    24.95
 2015 282 23  0  0.    2369.70    60.02    8.10    9.69    1.31        1012.70      290.96   2309.68    -54.74    23.96    14.10    24.93
