 2015 292 13  0  0.    2434.00   121.35    9.90   19.73    1.61        1014.00      293.46   2312.65     14.89    28.93   -31.38    28.46
 2015 292 14  0  0.    2426.80   109.82    9.90   17.90    1.61        1015.90      294.46   2316.98     13.78    28.91   -30.15    28.42
 2015 292 15  0  0.    2424.20   105.62    8.50   17.23    1.39        1016.60      294.96   2318.58     12.68    28.89   -28.93    28.38
 2015 292 16  0  0.    2425.80   106.08    9.00   17.30    1.47        1017.10      294.71   2319.72     11.57    28.87   -27.70    28.34
 2015 292 17  0  0.    2435.40   115.57    8.90   18.83    1.45        1017.15      294.41   2319.83     10.46    28.85   -26.48    28.30
 2015 292 18  0  0.    2443.80   125.11    8.20   20.38    1.34        1016.65      294.26   2318.69      9.35    28.83   -25.25    28.25
 2015 292 19  0  0.    2447.60   128.91    9.50   21.00    1.55        1016.65      294.41   2318.69      8.24    28.80   -24.02    28.21
 2015 292 20  0  0.    2444.40   125.02    9.40   20.38    1.53        1016.95      294.61   2319.38      7.13    28.78   -22.80    28.17
 2015 292 21  0  0.    2443.30   123.81    8.70   20.19    1.42        1017.00      294.76   2319.49      6.03    28.76   -21.57    28.13
 2015 292 22  0  0.    2452.00   132.85    8.70   21.66    1.42        1016.85      294.61   2319.15      4.92    28.74   -20.35    28.08
 2015 292 23  0  0.    2440.80   122.11    9.00   19.89    1.47        1016.65      294.26   2318.69      3.81    28.72   -19.12    28.04
 2015 293  0  0  0.    2439.80   120.08   12.40   19.56    2.02        1017.10      294.36   2319.72    -27.20    25.80    -1.70    25.80
 2015 293  1  0  0.    2444.20   124.48    9.30   20.29    1.52        1017.10      294.51   2319.72    -26.65    25.77    -1.96    25.75
 2015 293  2  0  0.    2449.60   130.11    8.70   21.22    1.42        1017.00      294.71   2319.49    -26.10    25.73    -2.23    25.70
 2015 293  3  0  0.    2458.40   139.71    7.90   22.78    1.29        1016.65      294.66   2318.69    -25.55    25.70    -2.49    25.65
 2015 293  4  0  0.    2445.10   126.64    8.30   20.64    1.35        1016.55      294.46   2318.46    -25.00    25.67    -2.75    25.60
 2015 293  5  0  0.    2446.80   126.97   11.90   20.68    1.94        1017.15      294.31   2319.83    -24.45    25.64    -3.01    25.55
 2015 293  6  0  0.    2460.70   140.30    7.70   22.85    1.25        1017.40      294.21   2320.40    -23.90    25.60    -3.27    25.51
 2015 293  7  0  0.    2465.90   147.09    7.70   23.97    1.25        1016.70      294.46   2318.81    -23.35    25.57    -3.54    25.46
 2015 293  8  0  0.    2472.40   156.90   10.90   25.61    1.78        1015.25      295.11   2315.50    -22.80    25.54    -3.80    25.41

