2015 1 0 0 0. 2358.10 3.03 10.50 0.47 1.62 1032.60 273.56 2355.07 -42.10 25.10 -11.30 24.90
2015 1 1 0 0. 2361.00 4.56 9.70 0.71 1.50 1033.20 274.66 2356.44 -41.46 25.07 -11.41 24.82
2015 1 2 0 0. 2362.40 6.19 7.50 0.96 1.17 1033.10 275.96 2356.21 -40.83 25.04 -11.52 24.74
2015 1 3 0 0. 2362.40 8.01 7.50 1.25 1.17 1032.30 276.56 2354.39 -40.19 25.01 -11.62 24.66
2015 1 4 0 0. 2361.00 8.90 8.50 1.39 1.32 1031.30 276.76 2352.10 -39.55 24.98 -11.73 24.58
2015 1 5 0 0. 2361.20 10.46 7.30 1.63 1.14 1030.70 277.06 2350.74 -38.91 24.96 -11.84 24.50
2015 1 6 0 0. 2364.30 13.56 7.40 2.11 1.15 1030.70 276.96 2350.74 -38.27 24.93 -11.95 24.42
2015 1 7 0 0. 2365.00 14.04 7.30 2.19 1.14 1030.80 277.46 2350.96 -37.64 24.90 -12.06 24.33
2015 1 8 0 0. 2368.00 17.72 7.60 2.76 1.18 1030.50 277.26 2350.28 -37.00 24.87 -12.17 24.25
2015 1 9 0 0. 2368.60 17.86 7.60 2.78 1.18 1030.70 276.66 2350.74 -36.36 24.84 -12.27 24.17
2015 1 10 0 0. 2365.50 15.22 7.70 2.37 1.20 1030.50 276.26 2350.28 -35.73 24.81 -12.38 24.09
2015 1 11 0 0. 2362.20 11.69 7.50 1.82 1.17 1030.60 275.96 2350.51 -35.09 24.78 -12.49 24.00
2015 1 12 0 0. 2361.80 10.84 7.20 1.68 1.12 1030.80 275.56 2350.96 -34.45 24.75 -12.60 23.92
2015 1 13 0 0. 2364.10 12.91 8.50 2.00 1.32 1030.90 275.06 2351.19 -33.81 24.72 -12.71 23.84
2015 1 14 0 0. 2362.10 11.82 7.10 1.83 1.10 1030.50 274.56 2350.28 -33.18 24.69 -12.82 23.75
2015 1 15 0 0. 2363.90 14.99 6.80 2.32 1.05 1029.90 274.66 2348.91 -32.54 24.66 -12.92 23.67
2015 1 16 0 0. 2359.30 10.16 7.00 1.57 1.08 1030.00 274.36 2349.14 -31.90 24.64 -13.03 23.59
2015 1 17 0 0. 2364.30 16.07 7.10 2.49 1.10 1029.60 274.16 2348.23 -31.26 24.61 -13.14 23.50
2015 1 18 0 0. 2362.90 15.58 7.00 2.41 1.08 1029.20 274.03 2347.32 -30.62 24.58 -13.25 23.42
2015 1 19 0 0. 2363.90 17.04 7.10 2.64 1.10 1029.00 274.16 2346.86 -29.99 24.55 -13.36 23.33
2015 1 20 0 0. 2359.40 13.45 7.00 2.08 1.08 1028.60 273.96 2345.95 -29.35 24.52 -13.47 23.25
2015 1 21 0 0. 2358.60 12.65 6.70 1.96 1.04 1028.60 273.86 2345.95 -28.71 24.49 -13.57 23.16
2015 1 22 0 0. 2356.20 10.02 7.00 1.55 1.08 1028.70 273.66 2346.18 -28.07 24.46 -13.68 23.07
2015 1 23 0 0. 2355.50 8.64 7.10 1.33 1.10 1029.00 273.66 2346.86 -27.44 24.43 -13.79 22.99
2015 2 0 0 0. 2354.20 5.52 11.10 0.85 1.72 1029.80 274.46 2348.68 -38.00 26.30 -10.20 25.80
2015 2 1 0 0. 2353.10 3.50 10.10 0.54 1.57 1030.20 275.86 2349.60 -37.01 26.28 -10.14 25.74
2015 2 2 0 0. 2353.50 4.59 7.70 0.72 1.20 1029.90 277.56 2348.91 -36.02 26.27 -10.08 25.69
2015 2 3 0 0. 2354.50 6.96 7.80 1.09 1.22 1029.30 278.94 2347.54 -35.02 26.25 -10.03 25.63
2015 2 4 0 0. 2355.00 10.65 8.80 1.67 1.38 1027.90 279.89 2344.35 -34.03 26.23 -9.97 25.57
2015 2 5 0 0. 2356.60 13.39 7.70 2.11 1.21 1027.40 280.86 2343.21 -33.04 26.22 -9.91 25.51
2015 2 6 0 0. 2354.20 13.50 7.70 2.13 1.21 1026.30 281.26 2340.70 -32.05 26.20 -9.85 25.46
2015 2 7 0 0. 2355.70 13.40 7.70 2.11 1.21 1027.00 281.01 2342.30 -31.06 26.18 -9.79 25.40
2015 2 8 0 0. 2361.80 18.36 8.10 2.89 1.27 1027.50 280.66 2343.44 -30.07 26.17 -9.73 25.34
2015 2 9 0 0. 2362.30 18.63 8.00 2.93 1.26 1027.60 280.06 2343.67 -29.07 26.15 -9.68 25.28
2015 2 10 0 0. 2362.50 18.61 7.90 2.92 1.24 1027.70 279.66 2343.89 -28.08 26.13 -9.62 25.23
2015 2 11 0 0. 2365.70 20.44 7.90 3.20 1.24 1028.30 279.26 2345.26 -27.09 26.12 -9.56 25.17
2015 2 12 0 0. 2362.00 16.21 7.70 2.54 1.20 1028.53 278.56 2345.79 -26.10 26.10 -9.50 25.11
2015 2 13 0 0. 2361.70 16.67 8.80 2.60 1.38 1028.20 278.16 2345.03 -25.11 26.08 -9.44 25.05
2015 2 14 0 0. 2360.20 16.31 7.80 2.55 1.22 1027.70 277.86 2343.89 -24.12 26.07 -9.38 24.99
2015 2 15 0 0. 2356.50 14.43 8.30 2.25 1.29 1026.90 277.46 2342.07 -23.12 26.05 -9.33 24.93
2015 2 16 0 0. 2356.80 14.05 7.70 2.19 1.20 1027.20 277.06 2342.75 -22.13 26.03 -9.27 24.88
2015 2 17 0 0. 2364.00 21.25 7.30 3.31 1.14 1027.20 277.16 2342.75 -21.14 26.02 -9.21 24.82
2015 2 18 0 0. 2365.50 24.11 7.40 3.76 1.15 1026.60 277.06 2341.39 -20.15 26.00 -9.15 24.76
2015 2 19 0 0. 2367.90 29.02 7.40 4.53 1.15 1025.50 277.26 2338.88 -19.16 25.98 -9.09 24.70
2015 2 20 0 0. 2368.40 29.52 7.40 4.60 1.15 1025.50 277.29 2338.88 -18.17 25.97 -9.03 24.64
2015 2 21 0 0. 2379.60 42.09 7.30 6.56 1.14 1024.90 277.26 2337.51 -17.18 25.95 -8.98 24.58
2015 2 22 0 0. 2375.00 37.26 7.40 5.81 1.15 1025.00 276.96 2337.74 -16.18 25.93 -8.92 24.52
2015 2 23 0 0. 2361.30 25.84 7.60 4.02 1.18 1024.00 276.76 2335.46 -15.19 25.92 -8.86 24.46
2015 3 0 0 0. 2374.00 39.00 11.80 6.08 1.84 1023.80 277.46 2335.00 -34.10 26.60 -9.10 26.10
2015 3 1 0 0. 2378.00 41.63 10.50 6.52 1.64 1024.40 278.69 2336.37 -34.03 26.57 -9.22 26.04
2015 3 2 0 0. 2382.70 47.70 7.80 7.48 1.22 1023.80 279.26 2335.00 -33.96 26.54 -9.34 25.98
2015 3 3 0 0. 2384.80 52.77 7.90 8.30 1.24 1022.50 280.56 2332.03 -33.89 26.51 -9.46 25.92
2015 3 4 0 0. 2384.60 54.85 9.00 8.64 1.42 1021.50 281.36 2329.75 -33.82 26.48 -9.58 25.86
2015 3 5 0 0. 2374.60 48.50 7.80 7.68 1.23 1019.90 283.06 2326.10 -33.75 26.46 -9.70 25.79
2015 3 6 0 0. 2368.50 44.98 7.80 7.14 1.24 1018.77 284.06 2323.52 -33.68 26.43 -9.82 25.73
2015 3 7 0 0. 2368.00 45.09 7.70 7.16 1.22 1018.50 284.56 2322.91 -33.60 26.40 -9.95 25.67
2015 3 8 0 0. 2372.70 50.47 8.00 8.01 1.27 1018.20 283.96 2322.23 -33.53 26.37 -10.07 25.61
2015 3 9 0 0. 2364.80 42.80 8.10 6.78 1.28 1018.10 283.16 2322.00 -33.46 26.34 -10.19 25.55
2015 3 10 0 0. 2361.40 39.86 8.00 6.30 1.26 1017.90 282.46 2321.54 -33.39 26.31 -10.31 25.49
2015 3 11 0 0. 2358.80 37.48 8.30 5.92 1.31 1017.80 282.16 2321.32 -33.32 26.28 -10.43 25.42
2015 3 12 0 0. 2359.80 38.26 7.70 6.04 1.22 1017.90 281.96 2321.54 -33.25 26.25 -10.55 25.36
2015 3 13 0 0. 2359.20 38.57 8.70 6.09 1.37 1017.50 281.96 2320.63 -33.18 26.22 -10.67 25.30
2015 3 14 0 0. 2358.90 40.09 8.00 6.33 1.26 1016.70 281.76 2318.81 -33.11 26.19 -10.79 25.24
2015 3 15 0 0. 2363.70 45.58 8.30 7.19 1.31 1016.40 281.56 2318.12 -33.04 26.16 -10.91 25.17
2015 3 16 0 0. 2364.00 46.11 7.60 7.27 1.20 1016.30 281.38 2317.89 -32.97 26.14 -11.03 25.11
2015 3 17 0 0. 2365.70 48.03 7.20 7.57 1.13 1016.20 281.13 2317.67 -32.90 26.11 -11.15 25.05
2015 3 18 0 0. 2363.80 46.13 7.50 7.26 1.18 1016.20 281.06 2317.67 -32.83 26.08 -11.27 24.98
2015 3 19 0 0. 2367.90 50.92 7.50 8.02 1.18 1015.90 280.96 2316.98 -32.75 26.05 -11.40 24.92
2015 3 20 0 0. 2362.80 46.96 7.50 7.39 1.18 1015.40 280.66 2315.84 -32.68 26.02 -11.52 24.86
2015 3 21 0 0. 2356.80 41.60 7.10 6.54 1.12 1015.12 280.36 2315.20 -32.61 25.99 -11.64 24.79
2015 3 22 0 0. 2354.70 39.09 7.50 6.14 1.18 1015.30 280.16 2315.61 -32.54 25.96 -11.76 24.73
2015 3 23 0 0. 2353.70 36.49 7.60 5.72 1.19 1016.00 279.56 2317.21 -32.47 25.93 -11.88 24.66
2015 4 0 0 0. 2351.80 33.22 12.20 5.23 1.92 1016.60 280.76 2318.58 -37.10 27.30 -23.70 28.30
2015 4 1 0 0. 2354.00 34.28 10.80 5.42 1.71 1017.10 282.56 2319.72 -36.30 27.24 -22.90 28.16
2015 4 2 0 0. 2354.60 35.34 7.80 5.63 1.24 1016.90 285.46 2319.26 -35.51 27.18 -22.10 28.03
2015 4 3 0 0. 2359.00 40.88 8.10 6.54 1.30 1016.40 287.36 2318.12 -34.71 27.12 -21.30 27.89
2015 4 4 0 0. 2361.80 45.05 9.20 7.24 1.48 1015.80 288.76 2316.75 -33.92 27.06 -20.50 27.75
2015 4 5 0 0. 2359.30 43.46 8.10 7.00 1.31 1015.40 290.06 2315.84 -33.12 26.99 -19.70 27.61
2015 4 6 0 0. 2364.60 49.44 8.50 7.98 1.37 1015.10 290.66 2315.16 -32.33 26.93 -18.90 27.47
2015 4 7 0 0. 2367.80 52.41 8.80 8.45 1.42 1015.20 290.26 2315.39 -31.53 26.87 -18.10 27.33
2015 4 8 0 0. 2373.10 57.94 8.20 9.32 1.32 1015.10 289.26 2315.16 -30.73 26.81 -17.30 27.18
2015 4 9 0 0. 2369.00 53.84 8.30 8.63 1.33 1015.10 287.76 2315.16 -29.94 26.75 -16.50 27.04
2015 4 10 0 0. 2373.30 57.69 8.20 9.20 1.31 1015.30 286.13 2315.61 -29.14 26.69 -15.70 26.90
2015 4 11 0 0. 2372.50 56.43 8.40 8.98 1.34 1015.50 284.96 2316.07 -28.35 26.62 -14.90 26.75
2015 4 12 0 0. 2368.30 52.69 7.80 8.36 1.24 1015.30 283.76 2315.61 -27.55 26.56 -14.10 26.61
2015 4 13 0 0. 2367.00 51.61 8.70 8.18 1.38 1015.20 283.46 2315.39 -26.75 26.50 -13.30 26.46
2015 4 14 0 0. 2360.90 45.97 8.30 7.28 1.31 1015.00 283.36 2314.93 -25.96 26.44 -12.50 26.31
2015 4 15 0 0. 2362.80 48.10 8.60 7.62 1.36 1014.90 283.16 2314.70 -25.16 26.37 -11.70 26.17
2015 4 16 0 0. 2364.60 50.81 7.80 8.05 1.24 1014.50 283.26 2313.79 -24.37 26.31 -10.90 26.02
2015 4 17 0 0. 2384.70 70.91 7.20 11.23 1.14 1014.50 283.36 2313.79 -23.57 26.25 -10.10 25.87
2015 4 18 0 0. 2386.80 73.92 7.50 11.70 1.19 1014.10 283.12 2312.88 -22.77 26.18 -9.30 25.72
2015 4 19 0 0. 2403.80 92.52 7.50 14.68 1.19 1013.40 284.06 2311.28 -21.98 26.12 -8.50 25.57
2015 4 20 0 0. 2408.50 98.59 7.60 15.66 1.21 1012.80 284.36 2309.91 -21.18 26.06 -7.70 25.42
2015 4 21 0 0. 2418.70 108.79 7.10 17.31 1.13 1012.80 285.16 2309.91 -20.39 25.99 -6.90 25.26
2015 4 22 0 0. 2424.30 114.96 7.60 18.31 1.21 1012.55 285.36 2309.34 -19.59 25.93 -6.10 25.11
2015 4 23 0 0. 2415.10 106.10 7.60 16.90 1.21 1012.40 285.46 2309.00 -18.80 25.86 -5.30 24.96
2015 5 0 0 0. 2406.60 97.37 13.10 15.53 2.09 1012.50 286.06 2309.23 -19.80 28.40 5.50 27.70
2015 5 1 0 0. 2410.50 101.04 11.40 16.15 1.82 1012.60 286.86 2309.46 -20.36 28.34 5.50 27.62
2015 5 2 0 0. 2418.70 110.61 8.20 17.73 1.31 1012.00 287.96 2308.09 -20.92 28.28 5.51 27.53
2015 5 3 0 0. 2436.30 131.18 8.50 21.12 1.37 1010.70 289.76 2305.12 -21.48 28.22 5.51 27.45
2015 5 4 0 0. 2436.60 133.99 9.60 21.68 1.55 1009.60 291.66 2302.61 -22.03 28.16 5.52 27.36
2015 5 5 0 0. 2440.40 139.38 8.50 22.58 1.38 1008.90 292.06 2301.02 -22.59 28.09 5.52 27.28
2015 5 6 0 0. 2460.30 159.28 8.30 25.77 1.34 1008.90 291.66 2301.02 -23.15 28.03 5.53 27.19
2015 5 7 0 0. 2452.10 151.31 8.20 24.49 1.33 1008.80 291.76 2300.79 -23.71 27.97 5.53 27.10
2015 5 8 0 0. 2451.30 150.17 8.50 24.29 1.37 1008.95 291.46 2301.13 -24.27 27.91 5.53 27.02
2015 5 9 0 0. 2465.50 163.11 9.00 26.33 1.45 1009.50 290.66 2302.39 -24.83 27.85 5.54 26.93
2015 5 10 0 0. 2467.10 162.59 8.40 26.20 1.35 1010.43 289.96 2304.51 -25.38 27.78 5.54 26.84
2015 5 11 0 0. 2476.70 171.58 9.00 27.62 1.45 1010.70 289.56 2305.12 -25.94 27.72 5.55 26.76
2015 5 12 0 0. 2483.40 177.37 8.20 28.53 1.32 1011.10 289.26 2306.03 -26.50 27.66 5.55 26.67
2015 5 13 0 0. 2477.70 171.21 8.80 27.54 1.42 1011.30 289.26 2306.49 -27.06 27.60 5.55 26.58
2015 5 14 0 0. 2465.90 158.04 8.70 25.37 1.40 1011.90 288.56 2307.86 -27.62 27.53 5.56 26.50
2015 5 15 0 0. 2456.80 147.80 8.90 23.66 1.42 1012.40 287.46 2309.00 -28.18 27.47 5.56 26.41
2015 5 16 0 0. 2446.90 136.30 8.00 21.77 1.28 1013.10 286.56 2310.60 -28.73 27.41 5.57 26.32
2015 5 17 0 0. 2447.00 133.90 7.50 21.33 1.19 1014.20 285.46 2313.10 -29.29 27.35 5.57 26.23
2015 5 18 0 0. 2454.40 139.24 7.90 22.08 1.25 1015.10 283.76 2315.16 -29.85 27.28 5.57 26.14
2015 5 19 0 0. 2468.30 152.00 7.80 24.07 1.24 1015.60 283.16 2316.30 -30.41 27.22 5.58 26.05
2015 5 20 0 0. 2460.90 143.14 8.00 22.62 1.26 1016.24 282.46 2317.76 -30.97 27.16 5.58 25.96
2015 5 21 0 0. 2456.30 136.13 7.50 21.50 1.18 1017.30 282.26 2320.17 -31.53 27.09 5.59 25.87
2015 5 22 0 0. 2446.80 124.34 7.90 19.63 1.25 1018.30 282.06 2322.46 -32.08 27.03 5.59 25.78
2015 5 23 0 0. 2447.70 122.05 7.90 19.24 1.25 1019.70 281.46 2325.65 -32.64 26.96 5.60 25.69
2015 6 0 0 0. 2451.30 122.91 13.50 19.36 2.13 1020.90 281.06 2328.39 -46.00 27.60 -19.80 31.70
2015 6 1 0 0. 2451.20 120.53 11.60 18.95 1.82 1021.90 280.36 2330.67 -45.45 27.55 -18.88 31.49
2015 6 2 0 0. 2454.70 122.67 8.60 19.23 1.35 1022.50 279.36 2332.03 -44.89 27.49 -17.95 31.27
2015 6 3 0 0. 2453.60 122.48 9.60 19.22 1.51 1022.10 279.76 2331.12 -44.34 27.44 -17.03 31.06
2015 6 4 0 0. 2453.70 124.25 10.10 19.50 1.59 1021.37 279.76 2329.45 -43.78 27.39 -16.10 30.84
2015 6 5 0 0. 2451.50 123.34 8.40 19.35 1.32 1020.80 279.56 2328.16 -43.23 27.33 -15.18 30.62
2015 6 6 0 0. 2449.50 120.43 9.40 18.84 1.47 1021.20 278.56 2329.07 -42.67 27.28 -14.25 30.40
2015 6 7 0 0. 2441.30 112.23 8.50 17.54 1.33 1021.20 278.26 2329.07 -42.12 27.23 -13.33 30.17
2015 6 8 0 0. 2452.20 122.37 8.70 19.12 1.36 1021.53 277.99 2329.83 -41.57 27.17 -12.40 29.95
2015 6 9 0 0. 2457.70 126.62 8.40 19.75 1.31 1022.08 277.36 2331.08 -41.01 27.12 -11.47 29.72
2015 6 10 0 0. 2459.10 126.50 8.70 19.69 1.35 1022.75 276.56 2332.60 -40.46 27.07 -10.55 29.50
2015 6 11 0 0. 2455.10 121.47 9.50 18.91 1.48 1023.20 276.76 2333.63 -39.90 27.01 -9.62 29.27
2015 6 12 0 0. 2450.50 116.87 8.40 18.21 1.31 1023.20 276.96 2333.63 -39.35 26.96 -8.70 29.04
2015 6 13 0 0. 2440.10 105.33 8.60 16.40 1.34 1023.70 276.76 2334.77 -38.80 26.90 -7.78 28.80
2015 6 14 0 0. 2433.10 98.48 8.70 15.33 1.35 1023.63 276.56 2334.62 -38.24 26.85 -6.85 28.57
2015 6 15 0 0. 2432.90 97.70 9.00 15.21 1.40 1023.89 276.66 2335.20 -37.69 26.79 -5.93 28.33
2015 6 16 0 0. 2423.60 89.51 8.00 13.93 1.25 1023.40 276.66 2334.09 -37.13 26.74 -5.00 28.09
2015 6 17 0 0. 2423.50 88.73 7.50 13.81 1.17 1023.70 276.66 2334.77 -36.58 26.69 -4.08 27.85
2015 6 18 0 0. 2416.60 82.06 7.80 12.77 1.21 1023.60 276.66 2334.54 -36.03 26.63 -3.15 27.61
2015 6 19 0 0. 2413.80 79.37 7.70 12.35 1.20 1023.55 276.56 2334.43 -35.47 26.58 -2.23 27.36
2015 6 20 0 0. 2405.10 70.33 8.00 10.95 1.25 1023.70 276.56 2334.77 -34.92 26.52 -1.30 27.11
2015 6 21 0 0. 2403.00 68.23 7.60 10.62 1.18 1023.70 276.46 2334.77 -34.36 26.47 -0.38 26.86
2015 6 22 0 0. 2398.60 61.32 8.00 9.54 1.24 1024.80 276.46 2337.28 -33.81 26.41 0.55 26.61
2015 6 23 0 0. 2394.70 56.74 7.80 8.83 1.21 1025.10 276.36 2337.96 -33.25 26.36 1.47 26.36
2015 7 0 0 0. 2394.40 55.52 13.40 8.64 2.09 1025.50 276.66 2338.88 -37.80 26.90 9.30 25.90
2015 7 1 0 0. 2390.00 49.30 10.90 7.68 1.70 1026.30 276.96 2340.70 -37.31 26.86 9.08 25.81
2015 7 2 0 0. 2390.20 48.59 7.80 7.57 1.22 1026.70 277.16 2341.61 -36.82 26.82 8.87 25.72
2015 7 3 0 0. 2386.70 46.68 8.00 7.30 1.25 1026.00 278.36 2340.02 -36.32 26.78 8.65 25.64
2015 7 4 0 0. 2383.70 45.39 8.50 7.11 1.33 1025.25 278.91 2338.31 -35.83 26.74 8.43 25.55
2015 7 5 0 0. 2384.50 45.85 7.70 7.18 1.21 1025.40 279.16 2338.65 -35.34 26.69 8.22 25.46
2015 7 6 0 0. 2383.80 45.15 8.40 7.08 1.32 1025.40 279.46 2338.65 -34.85 26.65 8.00 25.37
2015 7 7 0 0. 2385.90 46.57 7.70 7.31 1.21 1025.70 279.66 2339.33 -34.36 26.61 7.78 25.28
2015 7 8 0 0. 2390.10 48.94 7.90 7.67 1.24 1026.50 279.16 2341.16 -33.87 26.57 7.57 25.19
2015 7 9 0 0. 2390.80 48.05 7.40 7.52 1.16 1027.20 278.96 2342.75 -33.38 26.53 7.35 25.10
2015 7 10 0 0. 2391.40 47.51 7.70 7.44 1.21 1027.70 278.76 2343.89 -32.88 26.49 7.13 25.01
2015 7 11 0 0. 2396.40 50.91 8.40 7.94 1.31 1028.40 277.61 2345.49 -32.39 26.45 6.92 24.92
2015 7 12 0 0. 2387.40 41.45 7.40 6.46 1.15 1028.60 277.16 2345.95 -31.90 26.40 6.70 24.82
2015 7 13 0 0. 2388.10 41.70 7.40 6.49 1.15 1028.80 276.86 2346.40 -31.41 26.36 6.48 24.73
2015 7 14 0 0. 2382.50 35.64 8.00 5.55 1.25 1029.00 276.76 2346.86 -30.92 26.32 6.27 24.64
2015 7 15 0 0. 2383.60 37.20 7.50 5.79 1.17 1028.80 276.56 2346.40 -30.42 26.28 6.05 24.55
2015 7 16 0 0. 2377.00 31.05 7.80 4.83 1.21 1028.60 276.56 2345.95 -29.93 26.24 5.83 24.46
2015 7 17 0 0. 2377.20 30.11 7.00 4.69 1.09 1029.10 276.46 2347.09 -29.44 26.20 5.62 24.36
2015 7 18 0 0. 2380.20 31.97 7.50 4.97 1.17 1029.60 276.36 2348.23 -28.95 26.15 5.40 24.27
2015 7 19 0 0. 2383.20 34.52 7.30 5.36 1.13 1029.80 275.96 2348.68 -28.46 26.11 5.18 24.17
2015 7 20 0 0. 2378.10 28.96 7.70 4.49 1.19 1030.00 275.46 2349.14 -27.97 26.07 4.97 24.08
2015 7 21 0 0. 2375.30 25.70 7.20 3.99 1.12 1030.20 275.16 2349.60 -27.48 26.03 4.75 23.99
2015 7 22 0 0. 2373.80 22.84 7.40 3.54 1.15 1030.80 275.16 2350.96 -26.98 25.98 4.53 23.89
2015 7 23 0 0. 2368.60 17.64 7.40 2.73 1.15 1030.80 275.06 2350.96 -26.49 25.94 4.32 23.80
2015 8 0 0 0. 2373.60 21.27 14.00 3.30 2.17 1031.40 275.56 2352.33 -26.10 26.40 4.40 25.10
2015 8 1 0 0. 2370.30 17.05 10.80 2.66 1.68 1031.80 276.76 2353.25 -25.45 26.36 4.56 25.02
2015 8 2 0 0. 2372.30 20.42 7.70 3.19 1.20 1031.20 277.46 2351.88 -24.80 26.33 4.72 24.93
2015 8 3 0 0. 2372.10 22.05 7.80 3.45 1.22 1030.40 278.76 2350.05 -24.15 26.29 4.88 24.85
2015 8 4 0 0. 2367.10 19.78 8.00 3.10 1.26 1029.20 279.66 2347.32 -23.50 26.25 5.03 24.76
2015 8 5 0 0. 2364.40 19.14 7.50 3.01 1.18 1028.30 280.56 2345.26 -22.85 26.22 5.19 24.68
2015 8 6 0 0. 2366.90 22.09 8.30 3.47 1.31 1028.10 280.56 2344.81 -22.20 26.18 5.35 24.59
2015 8 7 0 0. 2366.70 21.21 7.50 3.34 1.18 1028.40 280.76 2345.49 -21.55 26.14 5.51 24.51
2015 8 8 0 0. 2370.30 23.50 7.80 3.70 1.23 1028.97 280.56 2346.80 -20.90 26.10 5.67 24.42
2015 8 9 0 0. 2370.10 23.24 7.30 3.65 1.15 1029.00 280.16 2346.86 -20.25 26.07 5.83 24.33
2015 8 10 0 0. 2371.80 24.94 7.60 3.92 1.19 1029.00 279.86 2346.86 -19.60 26.03 5.98 24.25
2015 8 11 0 0. 2374.20 26.88 8.30 4.22 1.30 1029.20 279.56 2347.32 -18.95 25.99 6.14 24.16
2015 8 12 0 0. 2372.80 25.48 7.40 3.99 1.16 1029.20 278.46 2347.32 -18.30 25.95 6.30 24.07
2015 8 13 0 0. 2374.50 27.18 7.30 4.25 1.14 1029.20 277.86 2347.32 -17.65 25.92 6.46 23.99
2015 8 14 0 0. 2375.20 28.34 8.00 4.42 1.25 1029.00 277.39 2346.86 -17.00 25.88 6.62 23.90
2015 8 15 0 0. 2381.00 33.91 7.30 5.28 1.14 1029.10 277.06 2347.09 -16.35 25.84 6.78 23.81
2015 8 16 0 0. 2379.50 32.64 7.80 5.09 1.22 1029.00 276.96 2346.86 -15.70 25.80 6.93 23.72
2015 8 17 0 0. 2381.60 35.20 6.90 5.48 1.08 1028.80 277.06 2346.40 -15.05 25.77 7.09 23.63
2015 8 18 0 0. 2381.20 34.34 7.00 5.35 1.09 1029.00 277.16 2346.86 -14.40 25.73 7.25 23.54
2015 8 19 0 0. 2387.70 41.52 7.00 6.47 1.09 1028.70 277.06 2346.18 -13.75 25.69 7.41 23.45
2015 8 20 0 0. 2383.30 37.81 7.50 5.89 1.17 1028.40 276.76 2345.49 -13.10 25.65 7.57 23.36
2015 8 21 0 0. 2386.10 40.61 7.00 6.33 1.09 1028.40 277.06 2345.49 -12.45 25.61 7.73 23.27
2015 8 22 0 0. 2387.70 41.98 7.30 6.54 1.14 1028.50 276.91 2345.72 -11.80 25.58 7.88 23.18
2015 8 23 0 0. 2384.20 38.02 7.40 5.92 1.15 1028.70 276.66 2346.18 -11.15 25.54 8.04 23.09
2015 9 0 0 0. 2386.00 39.60 14.70 6.17 2.29 1028.80 277.06 2346.40 -52.80 27.00 -6.80 27.00
2015 9 1 0 0. 2381.70 33.24 11.30 5.20 1.77 1029.70 278.46 2348.46 -52.03 26.96 -6.65 26.88
2015 9 2 0 0. 2389.20 42.11 8.10 6.61 1.27 1029.10 280.06 2347.09 -51.26 26.91 -6.49 26.76
2015 9 3 0 0. 2389.80 44.99 8.40 7.09 1.32 1028.10 281.36 2344.81 -50.49 26.86 -6.34 26.64
2015 9 4 0 0. 2387.20 45.13 8.60 7.13 1.36 1026.90 282.46 2342.07 -49.72 26.82 -6.18 26.52
2015 9 5 0 0. 2388.40 47.93 7.80 7.59 1.24 1026.20 283.26 2340.47 -48.95 26.77 -6.03 26.40
2015 9 6 0 0. 2382.50 43.17 9.50 6.85 1.51 1025.70 283.76 2339.33 -48.18 26.73 -5.88 26.28
2015 9 7 0 0. 2383.20 44.10 7.90 7.01 1.26 1025.60 284.46 2339.10 -47.40 26.68 -5.72 26.16
2015 9 8 0 0. 2389.90 49.43 7.90 7.85 1.25 1026.20 284.26 2340.47 -46.63 26.64 -5.57 26.04
2015 9 9 0 0. 2389.90 48.51 7.60 7.69 1.20 1026.60 283.56 2341.39 -45.86 26.59 -5.41 25.92
2015 9 10 0 0. 2392.70 50.17 7.70 7.94 1.22 1027.10 282.76 2342.53 -45.09 26.55 -5.26 25.79
2015 9 11 0 0. 2395.20 53.36 8.40 8.43 1.33 1026.80 282.11 2341.84 -44.32 26.50 -5.10 25.67
2015 9 12 0 0. 2392.20 49.22 7.70 7.76 1.21 1027.30 281.76 2342.98 -43.55 26.46 -4.95 25.54
2015 9 13 0 0. 2391.30 47.86 7.20 7.54 1.13 1027.50 281.36 2343.44 -42.78 26.41 -4.80 25.42
2015 9 14 0 0. 2386.90 44.15 8.00 6.95 1.26 1027.20 280.96 2342.75 -42.01 26.36 -4.64 25.29
2015 9 15 0 0. 2384.10 43.63 8.40 6.85 1.32 1026.20 280.16 2340.47 -41.24 26.32 -4.49 25.17
2015 9 16 0 0. 2379.70 38.31 7.80 6.02 1.23 1026.60 280.06 2341.39 -40.47 26.27 -4.33 25.04
2015 9 17 0 0. 2386.00 44.39 7.10 6.96 1.11 1026.70 279.66 2341.61 -39.70 26.23 -4.18 24.91
2015 9 18 0 0. 2383.70 43.23 7.20 6.78 1.13 1026.20 279.66 2340.47 -38.93 26.18 -4.03 24.78
2015 9 19 0 0. 2391.20 50.86 7.20 7.98 1.13 1026.14 279.46 2340.34 -38.15 26.13 -3.87 24.66
2015 9 20 0 0. 2388.10 47.85 7.40 7.50 1.16 1026.10 279.16 2340.25 -37.38 26.09 -3.72 24.53
2015 9 21 0 0. 2389.20 48.73 7.10 7.64 1.11 1026.20 279.16 2340.47 -36.61 26.04 -3.56 24.40
2015 9 22 0 0. 2384.60 43.78 7.50 6.86 1.17 1026.35 279.06 2340.82 -35.84 25.99 -3.41 24.26
2015 9 23 0 0. 2383.90 41.83 7.60 6.55 1.19 1026.90 279.06 2342.07 -35.07 25.95 -3.25 24.13
2015 10 0 0 0. 2384.80 42.27 15.70 6.63 2.46 1027.10 279.46 2342.53 -51.70 26.80 -1.20 27.10
2015 10 1 0 0. 2383.30 39.63 11.30 6.24 1.78 1027.60 280.74 2343.67 -50.69 26.78 -0.96 27.00
2015 10 2 0 0. 2387.40 43.73 8.40 6.90 1.33 1027.60 282.03 2343.67 -49.68 26.75 -0.72 26.91
2015 10 3 0 0. 2387.90 46.74 8.70 7.41 1.38 1026.50 283.76 2341.16 -48.68 26.73 -0.49 26.81
2015 10 4 0 0. 2376.80 37.92 8.10 6.03 1.29 1025.50 285.06 2338.88 -47.67 26.70 -0.25 26.71
2015 10 5 0 0. 2375.20 38.83 7.70 6.19 1.23 1024.40 286.06 2336.37 -46.66 26.68 -0.01 26.62
2015 10 6 0 0. 2372.40 36.49 8.60 5.83 1.37 1024.20 286.66 2335.91 -45.65 26.65 0.23 26.52
2015 10 7 0 0. 2371.40 35.26 7.70 5.64 1.23 1024.30 287.06 2336.14 -44.64 26.63 0.46 26.42
2015 10 8 0 0. 2370.80 33.47 7.90 5.35 1.26 1024.82 286.54 2337.33 -43.63 26.60 0.70 26.32
2015 10 9 0 0. 2372.20 34.24 7.70 5.46 1.23 1025.10 285.86 2337.96 -42.62 26.58 0.94 26.23
2015 10 10 0 0. 2370.20 31.55 7.80 5.02 1.24 1025.40 285.06 2338.65 -41.62 26.55 1.18 26.13
2015 10 11 0 0. 2370.20 31.32 8.40 4.97 1.33 1025.50 284.36 2338.88 -40.61 26.53 1.41 26.03
2015 10 12 0 0. 2363.80 25.15 7.80 3.99 1.24 1025.40 283.96 2338.65 -39.60 26.50 1.65 25.93
2015 10 13 0 0. 2364.70 26.74 7.30 4.23 1.16 1025.10 283.26 2337.96 -38.59 26.48 1.89 25.83
2015 10 14 0 0. 2364.30 27.25 8.10 4.31 1.28 1024.70 282.76 2337.05 -37.58 26.45 2.12 25.73
2015 10 15 0 0. 2361.10 25.46 8.40 4.02 1.33 1024.08 282.26 2335.64 -36.58 26.43 2.36 25.63
2015 10 16 0 0. 2358.30 22.62 7.90 3.57 1.25 1024.10 281.76 2335.68 -35.57 26.40 2.60 25.53
2015 10 17 0 0. 2359.10 23.87 7.20 3.76 1.13 1023.90 281.36 2335.23 -34.56 26.38 2.84 25.42
2015 10 18 0 0. 2358.50 21.90 7.30 3.45 1.15 1024.50 281.06 2336.60 -33.55 26.35 3.08 25.32
2015 10 19 0 0. 2363.90 27.99 7.20 4.41 1.13 1024.20 280.86 2335.91 -32.54 26.33 3.31 25.22
2015 10 20 0 0. 2358.40 22.49 7.70 3.54 1.21 1024.20 280.76 2335.91 -31.53 26.30 3.55 25.12
2015 10 21 0 0. 2361.30 24.25 7.20 3.81 1.13 1024.70 280.01 2337.05 -30.52 26.28 3.79 25.01
2015 10 22 0 0. 2359.80 22.06 7.60 3.46 1.19 1025.00 279.76 2337.74 -29.52 26.25 4.03 24.91
2015 10 23 0 0. 2363.10 24.22 7.70 3.80 1.21 1025.50 279.36 2338.88 -28.51 26.23 4.26 24.80
2015 11 0 0 0. 2370.30 29.37 15.30 4.61 2.40 1026.40 279.66 2340.93 -50.00 26.60 -3.80 26.70
2015 11 1 0 0. 2367.80 25.05 10.20 3.95 1.61 1027.20 281.76 2342.75 -48.66 26.55 -3.50 26.55
2015 11 2 0 0. 2372.60 29.16 8.10 4.63 1.29 1027.50 283.96 2343.44 -47.33 26.49 -3.21 26.40
2015 11 3 0 0. 2373.00 31.16 8.50 4.96 1.35 1026.80 285.36 2341.84 -45.99 26.44 -2.91 26.24
2015 11 4 0 0. 2367.00 27.90 8.00 4.45 1.28 1025.60 286.46 2339.10 -44.65 26.39 -2.62 26.09
2015 11 5 0 0. 2362.70 24.28 7.50 3.88 1.20 1025.30 287.06 2338.42 -43.31 26.33 -2.32 25.94
2015 11 6 0 0. 2366.90 28.25 8.40 4.52 1.35 1025.40 287.59 2338.65 -41.98 26.28 -2.02 25.78
2015 11 7 0 0. 2374.80 35.01 7.60 5.60 1.22 1025.90 286.96 2339.79 -40.64 26.23 -1.73 25.62
2015 11 8 0 0. 2376.60 35.21 7.90 5.62 1.26 1026.60 286.56 2341.39 -39.30 26.17 -1.43 25.47
2015 11 9 0 0. 2374.60 31.62 7.60 5.03 1.21 1027.30 285.36 2342.98 -37.96 26.12 -1.14 25.31
2015 11 10 0 0. 2376.50 31.92 7.70 5.07 1.22 1028.00 284.06 2344.58 -36.62 26.07 -0.84 25.15
2015 11 11 0 0. 2377.60 31.79 8.10 5.02 1.28 1028.54 282.42 2345.81 -35.29 26.01 -0.55 24.99
2015 11 12 0 0. 2377.60 30.74 7.70 4.85 1.21 1029.00 281.46 2346.86 -33.95 25.96 -0.25 24.83
2015 11 13 0 0. 2382.00 32.86 6.90 5.17 1.09 1030.00 280.76 2349.14 -32.61 25.90 0.05 24.66
2015 11 14 0 0. 2385.40 35.12 7.40 5.52 1.16 1030.50 280.46 2350.28 -31.27 25.85 0.34 24.50
2015 11 15 0 0. 2387.90 37.39 7.20 5.87 1.13 1030.60 280.06 2350.51 -29.94 25.80 0.64 24.34
2015 11 16 0 0. 2382.50 31.54 7.70 4.95 1.21 1030.80 279.66 2350.96 -28.60 25.74 0.93 24.17
2015 11 17 0 0. 2384.10 33.36 6.90 5.23 1.08 1030.70 279.36 2350.74 -27.26 25.69 1.23 24.00
2015 11 18 0 0. 2386.30 34.42 7.00 5.39 1.10 1031.20 278.96 2351.88 -25.92 25.63 1.52 23.83
2015 11 19 0 0. 2389.80 37.92 7.00 5.94 1.10 1031.20 278.76 2351.88 -24.59 25.58 1.82 23.67
2015 11 20 0 0. 2385.60 35.09 7.10 5.49 1.11 1030.60 278.46 2350.51 -23.25 25.52 2.12 23.49
2015 11 21 0 0. 2392.20 39.64 6.90 6.20 1.08 1031.50 278.36 2352.56 -21.91 25.47 2.41 23.32
2015 11 22 0 0. 2389.90 37.34 7.30 5.83 1.14 1031.50 278.06 2352.56 -20.57 25.41 2.71 23.15
2015 11 23 0 0. 2392.40 39.15 7.10 6.12 1.11 1031.80 278.06 2353.25 -19.24 25.36 3.00 22.98
2015 12 0 0 0. 2401.50 45.97 16.30 7.20 2.55 1032.80 278.96 2355.53 -45.20 27.50 -7.70 28.10
2015 12 1 0 0. 2406.10 48.52 10.50 7.62 1.65 1033.70 280.16 2357.58 -44.77 27.46 -7.45 27.95
2015 12 2 0 0. 2408.30 50.04 8.50 7.87 1.34 1034.00 280.36 2358.26 -44.33 27.43 -7.20 27.80
2015 12 3 0 0. 2410.80 52.77 9.10 8.31 1.43 1033.90 280.96 2358.03 -43.90 27.39 -6.95 27.65
2015 12 4 0 0. 2407.60 52.07 8.40 8.21 1.32 1032.80 281.46 2355.53 -43.47 27.35 -6.70 27.50
2015 12 5 0 0. 2404.40 51.15 8.10 8.06 1.28 1031.80 281.36 2353.25 -43.03 27.31 -6.45 27.35
2015 12 6 0 0. 2404.20 52.10 8.70 8.20 1.37 1031.30 280.96 2352.10 -42.60 27.28 -6.20 27.20
2015 12 7 0 0. 2405.70 55.42 8.20 8.71 1.29 1030.50 280.46 2350.28 -42.17 27.24 -5.95 27.05
2015 12 8 0 0. 2409.10 58.14 8.10 9.14 1.27 1030.80 280.26 2350.96 -41.73 27.20 -5.70 26.89
2015 12 9 0 0. 2413.80 60.33 8.10 9.47 1.27 1031.90 279.86 2353.47 -41.30 27.17 -5.45 26.74
2015 12 10 0 0. 2418.90 63.15 8.10 9.91 1.27 1032.90 279.86 2355.75 -40.87 27.13 -5.20 26.58
2015 12 11 0 0. 2423.20 69.16 8.40 10.85 1.32 1032.15 279.56 2354.04 -40.43 27.09 -4.95 26.43
2015 12 12 0 0. 2423.30 69.14 8.30 10.84 1.30 1032.20 279.36 2354.16 -40.00 27.05 -4.70 26.27
2015 12 13 0 0. 2428.40 74.47 7.30 11.68 1.14 1032.10 279.36 2353.93 -39.57 27.02 -4.45 26.11
2015 12 14 0 0. 2435.50 81.06 8.30 12.70 1.30 1032.33 279.26 2354.44 -39.13 26.98 -4.20 25.95
2015 12 15 0 0. 2446.10 90.57 8.40 14.19 1.32 1032.80 279.16 2355.53 -38.70 26.94 -3.95 25.79
2015 12 16 0 0. 2443.70 91.60 8.10 14.35 1.27 1031.30 279.16 2352.10 -38.27 26.90 -3.70 25.63
2015 12 17 0 0. 2438.20 89.52 7.50 14.03 1.18 1029.80 279.16 2348.68 -37.83 26.87 -3.45 25.47
2015 12 18 0 0. 2441.80 91.52 7.50 14.34 1.18 1030.50 279.26 2350.28 -37.40 26.83 -3.20 25.30
2015 12 19 0 0. 2446.90 96.62 7.50 15.15 1.18 1030.50 279.36 2350.28 -36.97 26.79 -2.95 25.14
2015 12 20 0 0. 2446.10 96.96 7.60 15.21 1.19 1030.00 279.46 2349.14 -36.53 26.75 -2.70 24.97
2015 12 21 0 0. 2440.70 93.61 7.40 14.68 1.16 1029.10 279.46 2347.09 -36.10 26.71 -2.45 24.81
2015 12 22 0 0. 2444.50 98.10 7.70 15.39 1.21 1028.80 279.56 2346.40 -35.67 26.68 -2.20 24.64
2015 12 23 0 0. 2448.00 100.46 7.60 15.77 1.19 1029.30 279.86 2347.54 -35.23 26.64 -1.95 24.47
2015 13 0 0 0. 2449.50 101.04 16.40 15.89 2.58 1029.70 280.46 2348.46 -52.00 27.10 9.20 27.50
2015 13 1 0 0. 2458.20 109.52 10.00 17.23 1.57 1029.80 280.66 2348.68 -50.78 27.05 9.48 27.34
2015 13 2 0 0. 2463.90 114.30 8.20 18.00 1.29 1030.20 280.96 2349.60 -49.57 27.00 9.76 27.18
2015 13 3 0 0. 2460.80 113.48 9.10 17.88 1.43 1029.20 281.36 2347.32 -48.35 26.95 10.04 27.02
2015 13 4 0 0. 2471.90 128.55 8.20 20.29 1.29 1027.46 281.96 2343.35 -47.13 26.90 10.32 26.86
2015 13 5 0 0. 2475.90 134.97 8.20 21.30 1.29 1026.40 281.96 2340.93 -45.92 26.85 10.60 26.70
2015 13 6 0 0. 2477.00 136.75 8.50 21.59 1.34 1026.10 282.06 2340.25 -44.70 26.81 10.88 26.53
2015 13 7 0 0. 2476.70 136.45 8.00 21.50 1.26 1026.10 281.36 2340.25 -43.48 26.76 11.15 26.37
2015 13 8 0 0. 2480.60 139.90 7.80 22.02 1.23 1026.30 280.86 2340.70 -42.27 26.71 11.43 26.20
2015 13 9 0 0. 2479.80 140.24 7.90 22.04 1.24 1025.80 280.36 2339.56 -41.05 26.66 11.71 26.04
2015 13 10 0 0. 2481.10 142.00 8.00 22.32 1.26 1025.60 280.36 2339.10 -39.83 26.61 11.99 25.87
2015 13 11 0 0. 2480.80 141.47 8.10 22.24 1.27 1025.70 280.46 2339.33 -38.62 26.56 12.27 25.70
2015 13 12 0 0. 2481.30 142.20 8.30 22.36 1.31 1025.60 280.56 2339.10 -37.40 26.51 12.55 25.53
2015 13 13 0 0. 2480.00 140.44 7.20 22.09 1.13 1025.80 280.56 2339.56 -36.18 26.46 12.83 25.36
2015 13 14 0 0. 2484.10 145.68 7.50 22.92 1.18 1025.30 280.66 2338.42 -34.97 26.41 13.11 25.19
2015 13 15 0 0. 2485.30 148.25 7.50 23.34 1.18 1024.70 280.96 2337.05 -33.75 26.36 13.39 25.02
2015 13 16 0 0. 2485.00 150.68 7.80 23.75 1.23 1023.50 281.36 2334.32 -32.53 26.31 13.67 24.84
2015 13 17 0 0. 2483.00 150.51 7.30 23.73 1.15 1022.70 281.56 2332.49 -31.32 26.26 13.95 24.67
2015 13 18 0 0. 2482.20 150.39 7.40 23.71 1.17 1022.40 281.56 2331.81 -30.10 26.21 14.22 24.49
2015 13 19 0 0. 2481.50 150.38 7.30 23.69 1.15 1022.10 281.16 2331.12 -28.88 26.15 14.50 24.31
2015 13 20 0 0. 2472.10 141.43 7.20 22.26 1.13 1021.90 280.86 2330.67 -27.67 26.10 14.78 24.13
2015 13 21 0 0. 2470.70 138.89 7.30 21.84 1.15 1022.40 280.46 2331.81 -26.45 26.05 15.06 23.95
2015 13 22 0 0. 2468.20 135.48 7.50 21.29 1.18 1022.80 280.26 2332.72 -25.23 26.00 15.34 23.77
2015 13 23 0 0. 2464.40 131.54 7.50 20.67 1.18 1022.86 280.26 2332.86 -24.02 25.95 15.62 23.59
