2015 1 0 0 0. 2358.10 26.60 10.50 4.19 1.65 1022.70 280.90 2331.50 -42.10 25.10 -11.30 24.90
2015 1 1 0 0. 2361.00 29.50 9.70 4.64 1.53 1022.70 280.90 2331.50 -41.46 25.07 -11.41 24.82
2015 1 2 0 0. 2362.40 30.90 7.50 4.86 1.18 1022.70 280.90 2331.50 -40.83 25.04 -11.52 24.74
2015 1 3 0 0. 2362.40 30.90 7.50 4.86 1.18 1022.70 280.90 2331.50 -40.19 25.01 -11.62 24.66
2015 1 4 0 0. 2361.00 29.50 8.50 4.64 1.34 1022.70 280.90 2331.50 -39.55 24.98 -11.73 24.58
2015 1 5 0 0. 2361.20 29.70 7.30 4.68 1.15 1022.70 280.90 2331.50 -38.91 24.96 -11.84 24.50
2015 1 6 0 0. 2364.30 32.80 7.40 5.16 1.16 1022.70 280.90 2331.50 -38.27 24.93 -11.95 24.42
2015 1 7 0 0. 2365.00 33.50 7.30 5.27 1.15 1022.70 280.90 2331.50 -37.64 24.90 -12.06 24.33
2015 1 8 0 0. 2368.00 36.50 7.60 5.75 1.20 1022.70 280.90 2331.50 -37.00 24.87 -12.17 24.25
2015 1 9 0 0. 2368.60 37.10 7.60 5.84 1.20 1022.70 280.90 2331.50 -36.36 24.84 -12.27 24.17
2015 1 10 0 0. 2365.60 34.10 7.70 5.37 1.21 1022.70 280.90 2331.50 -35.73 24.81 -12.38 24.09
2015 1 11 0 0. 2362.20 30.70 7.50 4.83 1.18 1022.70 280.90 2331.50 -35.09 24.78 -12.49 24.00
2015 1 12 0 0. 2361.90 30.40 7.20 4.79 1.13 1022.70 280.90 2331.50 -34.45 24.75 -12.60 23.92
2015 1 13 0 0. 2364.10 32.60 8.50 5.13 1.34 1022.70 280.90 2331.50 -33.81 24.72 -12.71 23.84
2015 1 14 0 0. 2362.20 30.70 7.10 4.83 1.12 1022.70 280.90 2331.50 -33.18 24.69 -12.82 23.75
2015 1 15 0 0. 2363.90 32.40 6.80 5.10 1.07 1022.70 280.90 2331.50 -32.54 24.66 -12.92 23.67
2015 1 16 0 0. 2359.30 27.80 7.00 4.38 1.10 1022.70 280.90 2331.50 -31.90 24.64 -13.03 23.59
2015 1 17 0 0. 2364.30 32.80 7.10 5.16 1.12 1022.70 280.90 2331.50 -31.26 24.61 -13.14 23.50
2015 1 18 0 0. 2362.90 31.40 7.00 4.94 1.10 1022.70 280.90 2331.50 -30.62 24.58 -13.25 23.42
2015 1 19 0 0. 2364.00 32.50 7.10 5.12 1.12 1022.70 280.90 2331.50 -29.99 24.55 -13.36 23.33
2015 1 20 0 0. 2359.40 27.90 7.00 4.39 1.10 1022.70 280.90 2331.50 -29.35 24.52 -13.47 23.25
2015 1 21 0 0. 2358.60 27.10 6.70 4.27 1.05 1022.70 280.90 2331.50 -28.71 24.49 -13.57 23.16
2015 1 22 0 0. 2356.20 24.70 7.00 3.89 1.10 1022.70 280.90 2331.50 -28.07 24.46 -13.68 23.07
2015 1 23 0 0. 2355.50 24.00 7.10 3.78 1.12 1022.70 280.90 2331.50 -27.44 24.43 -13.79 22.99
2015 2 0 0 0. 2354.20 22.70 11.10 3.57 1.75 1022.70 280.80 2331.50 -38.00 26.30 -10.20 25.80
2015 2 1 0 0. 2353.10 21.60 10.10 3.40 1.59 1022.70 280.80 2331.50 -37.01 26.28 -10.14 25.74
2015 2 2 0 0. 2353.50 22.00 7.70 3.46 1.21 1022.70 280.80 2331.50 -36.02 26.27 -10.08 25.69
2015 2 3 0 0. 2354.50 23.00 7.80 3.62 1.23 1022.70 280.80 2331.50 -35.02 26.25 -10.03 25.63
2015 2 4 0 0. 2355.00 23.50 8.80 3.70 1.38 1022.70 280.80 2331.50 -34.03 26.23 -9.97 25.57
2015 2 5 0 0. 2356.70 25.20 7.70 3.97 1.21 1022.70 280.80 2331.50 -33.04 26.22 -9.91 25.51
2015 2 6 0 0. 2354.20 22.70 7.70 3.57 1.21 1022.70 280.80 2331.50 -32.05 26.20 -9.85 25.46
2015 2 7 0 0. 2355.70 24.20 7.70 3.81 1.21 1022.70 280.80 2331.50 -31.06 26.18 -9.79 25.40
2015 2 8 0 0. 2361.90 30.40 8.10 4.78 1.27 1022.70 280.80 2331.50 -30.07 26.17 -9.73 25.34
2015 2 9 0 0. 2362.30 30.80 8.00 4.85 1.26 1022.70 280.80 2331.50 -29.07 26.15 -9.68 25.28
2015 2 10 0 0. 2362.50 31.00 7.90 4.88 1.24 1022.70 280.80 2331.50 -28.08 26.13 -9.62 25.23
2015 2 11 0 0. 2365.70 34.20 7.90 5.38 1.24 1022.70 280.80 2331.50 -27.09 26.12 -9.56 25.17
2015 2 12 0 0. 2362.00 30.50 7.70 4.80 1.21 1022.70 280.80 2331.50 -26.10 26.10 -9.50 25.11
2015 2 13 0 0. 2361.80 30.30 8.80 4.77 1.38 1022.70 280.80 2331.50 -25.11 26.08 -9.44 25.05
2015 2 14 0 0. 2360.30 28.80 7.80 4.53 1.23 1022.70 280.80 2331.50 -24.12 26.07 -9.38 24.99
2015 2 15 0 0. 2356.50 25.00 8.30 3.93 1.31 1022.70 280.80 2331.50 -23.12 26.05 -9.33 24.93
2015 2 16 0 0. 2356.80 25.30 7.70 3.98 1.21 1022.70 280.80 2331.50 -22.13 26.03 -9.27 24.88
2015 2 17 0 0. 2364.00 32.50 7.30 5.11 1.15 1022.70 280.80 2331.50 -21.14 26.02 -9.21 24.82
2015 2 18 0 0. 2365.50 34.00 7.40 5.35 1.16 1022.70 280.80 2331.50 -20.15 26.00 -9.15 24.76
2015 2 19 0 0. 2367.90 36.40 7.40 5.73 1.16 1022.70 280.80 2331.50 -19.16 25.98 -9.09 24.70
2015 2 20 0 0. 2368.50 37.00 7.40 5.82 1.16 1022.70 280.80 2331.50 -18.17 25.97 -9.03 24.64
2015 2 21 0 0. 2379.60 48.10 7.30 7.57 1.15 1022.70 280.80 2331.50 -17.18 25.95 -8.98 24.58
2015 2 22 0 0. 2375.00 43.50 7.40 6.85 1.16 1022.70 280.80 2331.50 -16.18 25.93 -8.92 24.52
2015 2 23 0 0. 2361.40 29.90 7.60 4.71 1.20 1022.70 280.80 2331.50 -15.19 25.92 -8.86 24.46
2015 3 0 0 0. 2374.10 42.60 11.80 6.70 1.86 1022.70 280.70 2331.50 -34.10 26.60 -9.10 26.10
2015 3 1 0 0. 2378.00 46.50 10.50 7.32 1.65 1022.70 280.70 2331.50 -34.03 26.57 -9.22 26.04
2015 3 2 0 0. 2382.70 51.20 7.80 8.06 1.23 1022.70 280.70 2331.50 -33.96 26.54 -9.34 25.98
2015 3 3 0 0. 2384.80 53.30 7.90 8.39 1.24 1022.70 280.70 2331.50 -33.89 26.51 -9.46 25.92
2015 3 4 0 0. 2384.60 53.10 9.00 8.35 1.42 1022.70 280.70 2331.50 -33.82 26.48 -9.58 25.86
2015 3 5 0 0. 2374.70 43.20 7.80 6.80 1.23 1022.70 280.70 2331.50 -33.75 26.46 -9.70 25.79
2015 3 6 0 0. 2368.50 37.00 7.80 5.82 1.23 1022.70 280.70 2331.50 -33.68 26.43 -9.82 25.73
2015 3 7 0 0. 2368.00 36.50 7.70 5.74 1.21 1022.70 280.70 2331.50 -33.60 26.40 -9.95 25.67
2015 3 8 0 0. 2372.70 41.20 8.00 6.48 1.26 1022.70 280.70 2331.50 -33.53 26.37 -10.07 25.61
2015 3 9 0 0. 2364.80 33.30 8.10 5.24 1.27 1022.70 280.70 2331.50 -33.46 26.34 -10.19 25.55
2015 3 10 0 0. 2361.40 29.90 8.00 4.70 1.26 1022.70 280.70 2331.50 -33.39 26.31 -10.31 25.49
2015 3 11 0 0. 2358.80 27.30 8.30 4.30 1.31 1022.70 280.70 2331.50 -33.32 26.28 -10.43 25.42
2015 3 12 0 0. 2359.80 28.30 7.70 4.45 1.21 1022.70 280.70 2331.50 -33.25 26.25 -10.55 25.36
2015 3 13 0 0. 2359.20 27.70 8.70 4.36 1.37 1022.70 280.70 2331.50 -33.18 26.22 -10.67 25.30
2015 3 14 0 0. 2358.90 27.40 8.00 4.31 1.26 1022.70 280.70 2331.50 -33.11 26.19 -10.79 25.24
2015 3 15 0 0. 2363.70 32.20 8.30 5.07 1.31 1022.70 280.70 2331.50 -33.04 26.16 -10.91 25.17
2015 3 16 0 0. 2364.00 32.50 7.60 5.11 1.20 1022.70 280.70 2331.50 -32.97 26.14 -11.03 25.11
2015 3 17 0 0. 2365.70 34.20 7.20 5.38 1.13 1022.70 280.70 2331.50 -32.90 26.11 -11.15 25.05
2015 3 18 0 0. 2363.80 32.30 7.50 5.08 1.18 1022.70 280.70 2331.50 -32.83 26.08 -11.27 24.98
2015 3 19 0 0. 2368.00 36.50 7.50 5.74 1.18 1022.70 280.70 2331.50 -32.75 26.05 -11.40 24.92
2015 3 20 0 0. 2362.80 31.30 7.50 4.92 1.18 1022.70 280.70 2331.50 -32.68 26.02 -11.52 24.86
2015 3 21 0 0. 2356.80 25.30 7.10 3.98 1.12 1022.70 280.70 2331.50 -32.61 25.99 -11.64 24.79
2015 3 22 0 0. 2354.70 23.20 7.50 3.65 1.18 1022.70 280.70 2331.50 -32.54 25.96 -11.76 24.73
2015 3 23 0 0. 2353.70 22.20 7.60 3.49 1.20 1022.70 280.70 2331.50 -32.47 25.93 -11.88 24.66
2015 4 0 0 0. 2351.80 20.30 12.20 3.19 1.92 1022.70 280.60 2331.50 -37.10 27.30 -23.70 28.30
2015 4 1 0 0. 2354.00 22.50 10.80 3.54 1.70 1022.70 280.60 2331.50 -36.30 27.24 -22.90 28.16
2015 4 2 0 0. 2354.60 23.10 7.80 3.63 1.23 1022.70 280.60 2331.50 -35.51 27.18 -22.10 28.03
2015 4 3 0 0. 2359.00 27.50 8.10 4.33 1.27 1022.70 280.60 2331.50 -34.71 27.12 -21.30 27.89
2015 4 4 0 0. 2361.80 30.30 9.20 4.77 1.45 1022.70 280.60 2331.50 -33.92 27.06 -20.50 27.75
2015 4 5 0 0. 2359.30 27.80 8.10 4.37 1.27 1022.70 280.60 2331.50 -33.12 26.99 -19.70 27.61
2015 4 6 0 0. 2364.60 33.10 8.50 5.21 1.34 1022.70 280.60 2331.50 -32.33 26.93 -18.90 27.47
2015 4 7 0 0. 2367.80 36.30 8.80 5.71 1.38 1022.70 280.60 2331.50 -31.53 26.87 -18.10 27.33
2015 4 8 0 0. 2373.10 41.60 8.20 6.54 1.29 1022.70 280.60 2331.50 -30.73 26.81 -17.30 27.18
2015 4 9 0 0. 2369.00 37.50 8.30 5.90 1.31 1022.70 280.60 2331.50 -29.94 26.75 -16.50 27.04
2015 4 10 0 0. 2373.30 41.80 8.20 6.57 1.29 1022.70 280.60 2331.50 -29.14 26.69 -15.70 26.90
2015 4 11 0 0. 2372.50 41.00 8.40 6.45 1.32 1022.70 280.60 2331.50 -28.35 26.62 -14.90 26.75
2015 4 12 0 0. 2368.30 36.80 7.80 5.79 1.23 1022.70 280.60 2331.50 -27.55 26.56 -14.10 26.61
2015 4 13 0 0. 2367.00 35.50 8.70 5.58 1.37 1022.70 280.60 2331.50 -26.75 26.50 -13.30 26.46
2015 4 14 0 0. 2360.90 29.40 8.30 4.62 1.31 1022.70 280.60 2331.50 -25.96 26.44 -12.50 26.31
2015 4 15 0 0. 2362.80 31.30 8.60 4.92 1.35 1022.70 280.60 2331.50 -25.16 26.37 -11.70 26.17
2015 4 16 0 0. 2364.60 33.10 7.80 5.21 1.23 1022.70 280.60 2331.50 -24.37 26.31 -10.90 26.02
2015 4 17 0 0. 2384.70 53.20 7.20 8.37 1.13 1022.70 280.60 2331.50 -23.57 26.25 -10.10 25.87
2015 4 18 0 0. 2386.80 55.30 7.50 8.70 1.18 1022.70 280.60 2331.50 -22.77 26.18 -9.30 25.72
2015 4 19 0 0. 2403.80 72.30 7.50 11.37 1.18 1022.70 280.60 2331.50 -21.98 26.12 -8.50 25.57
2015 4 20 0 0. 2408.50 77.00 7.60 12.11 1.20 1022.70 280.60 2331.50 -21.18 26.06 -7.70 25.42
2015 4 21 0 0. 2418.70 87.20 7.10 13.72 1.12 1022.70 280.60 2331.50 -20.39 25.99 -6.90 25.26
2015 4 22 0 0. 2424.30 92.80 7.60 14.60 1.20 1022.70 280.60 2331.50 -19.59 25.93 -6.10 25.11
2015 4 23 0 0. 2415.10 83.60 7.60 13.15 1.20 1022.70 280.60 2331.50 -18.80 25.86 -5.30 24.96
2015 5 0 0 0. 2406.60 75.10 13.10 11.81 2.06 1022.60 280.50 2331.50 -19.80 28.40 5.50 27.70
2015 5 1 0 0. 2410.40 78.90 11.40 12.41 1.79 1022.60 280.50 2331.50 -20.36 28.34 5.50 27.62
2015 5 2 0 0. 2418.60 87.10 8.20 13.70 1.29 1022.60 280.50 2331.50 -20.92 28.28 5.51 27.53
2015 5 3 0 0. 2436.30 104.80 8.50 16.48 1.34 1022.60 280.50 2331.50 -21.48 28.22 5.51 27.45
2015 5 4 0 0. 2436.60 105.10 9.60 16.53 1.51 1022.60 280.50 2331.50 -22.03 28.16 5.52 27.36
2015 5 5 0 0. 2440.40 108.90 8.50 17.12 1.34 1022.60 280.50 2331.50 -22.59 28.09 5.52 27.28
2015 5 6 0 0. 2460.30 128.80 8.30 20.25 1.31 1022.60 280.50 2331.50 -23.15 28.03 5.53 27.19
2015 5 7 0 0. 2452.10 120.60 8.20 18.96 1.29 1022.60 280.50 2331.50 -23.71 27.97 5.53 27.10
2015 5 8 0 0. 2451.20 119.70 8.50 18.82 1.34 1022.60 280.50 2331.50 -24.27 27.91 5.53 27.02
2015 5 9 0 0. 2465.50 134.00 9.00 21.07 1.42 1022.60 280.50 2331.50 -24.83 27.85 5.54 26.93
2015 5 10 0 0. 2467.10 135.60 8.40 21.32 1.32 1022.60 280.50 2331.50 -25.38 27.78 5.54 26.84
2015 5 11 0 0. 2476.60 145.10 9.00 22.82 1.42 1022.60 280.50 2331.50 -25.94 27.72 5.55 26.76
2015 5 12 0 0. 2483.30 151.80 8.20 23.87 1.29 1022.60 280.50 2331.50 -26.50 27.66 5.55 26.67
2015 5 13 0 0. 2477.70 146.20 8.80 22.99 1.38 1022.60 280.50 2331.50 -27.06 27.60 5.55 26.58
2015 5 14 0 0. 2465.90 134.40 8.70 21.13 1.37 1022.60 280.50 2331.50 -27.62 27.53 5.56 26.50
2015 5 15 0 0. 2456.80 125.30 8.90 19.70 1.40 1022.60 280.50 2331.50 -28.18 27.47 5.56 26.41
2015 5 16 0 0. 2446.90 115.40 8.00 18.15 1.26 1022.60 280.50 2331.50 -28.73 27.41 5.57 26.32
2015 5 17 0 0. 2447.00 115.50 7.50 18.16 1.18 1022.60 280.50 2331.50 -29.29 27.35 5.57 26.23
2015 5 18 0 0. 2454.30 122.80 7.90 19.31 1.24 1022.60 280.50 2331.50 -29.85 27.28 5.57 26.14
2015 5 19 0 0. 2468.20 136.70 7.80 21.50 1.23 1022.60 280.50 2331.50 -30.41 27.22 5.58 26.05
2015 5 20 0 0. 2460.90 129.40 8.00 20.35 1.26 1022.60 280.50 2331.50 -30.97 27.16 5.58 25.96
2015 5 21 0 0. 2456.30 124.80 7.50 19.62 1.18 1022.60 280.50 2331.50 -31.53 27.09 5.59 25.87
2015 5 22 0 0. 2446.80 115.30 7.90 18.13 1.24 1022.60 280.50 2331.50 -32.08 27.03 5.59 25.78
2015 5 23 0 0. 2447.70 116.20 7.90 18.27 1.24 1022.60 280.50 2331.50 -32.64 26.96 5.60 25.69
2015 6 0 0 0. 2451.30 119.90 13.50 18.85 2.12 1022.60 280.50 2331.40 -46.00 27.60 -19.80 31.70
2015 6 1 0 0. 2451.20 119.80 11.60 18.84 1.82 1022.60 280.50 2331.40 -45.45 27.55 -18.88 31.49
2015 6 2 0 0. 2454.70 123.30 8.60 19.39 1.35 1022.60 280.50 2331.40 -44.89 27.49 -17.95 31.27
2015 6 3 0 0. 2453.70 122.30 9.60 19.23 1.51 1022.60 280.50 2331.40 -44.34 27.44 -17.03 31.06
2015 6 4 0 0. 2453.80 122.40 10.10 19.25 1.59 1022.60 280.50 2331.40 -43.78 27.39 -16.10 30.84
2015 6 5 0 0. 2451.50 120.10 8.40 18.89 1.32 1022.60 280.50 2331.40 -43.23 27.33 -15.18 30.62
2015 6 6 0 0. 2449.60 118.20 9.40 18.59 1.48 1022.60 280.50 2331.40 -42.67 27.28 -14.25 30.40
2015 6 7 0 0. 2441.40 110.00 8.50 17.30 1.34 1022.60 280.50 2331.40 -42.12 27.23 -13.33 30.17
2015 6 8 0 0. 2452.20 120.80 8.70 19.00 1.37 1022.60 280.50 2331.40 -41.57 27.17 -12.40 29.95
2015 6 9 0 0. 2457.80 126.40 8.40 19.88 1.32 1022.60 280.50 2331.40 -41.01 27.12 -11.47 29.72
2015 6 10 0 0. 2459.20 127.80 8.70 20.10 1.37 1022.60 280.50 2331.40 -40.46 27.07 -10.55 29.50
2015 6 11 0 0. 2455.10 123.70 9.50 19.45 1.49 1022.60 280.50 2331.40 -39.90 27.01 -9.62 29.27
2015 6 12 0 0. 2450.50 119.10 8.40 18.73 1.32 1022.60 280.50 2331.40 -39.35 26.96 -8.70 29.04
2015 6 13 0 0. 2440.10 108.70 8.60 17.09 1.35 1022.60 280.50 2331.40 -38.80 26.90 -7.78 28.80
2015 6 14 0 0. 2433.20 101.80 8.70 16.01 1.37 1022.60 280.50 2331.40 -38.24 26.85 -6.85 28.57
2015 6 15 0 0. 2432.90 101.50 9.00 15.96 1.42 1022.60 280.50 2331.40 -37.69 26.79 -5.93 28.33
2015 6 16 0 0. 2423.70 92.30 8.00 14.51 1.26 1022.60 280.50 2331.40 -37.13 26.74 -5.00 28.09
2015 6 17 0 0. 2423.60 92.20 7.50 14.50 1.18 1022.60 280.50 2331.40 -36.58 26.69 -4.08 27.85
2015 6 18 0 0. 2416.70 85.30 7.80 13.41 1.23 1022.60 280.50 2331.40 -36.03 26.63 -3.15 27.61
2015 6 19 0 0. 2413.80 82.40 7.70 12.96 1.21 1022.60 280.50 2331.40 -35.47 26.58 -2.23 27.36
2015 6 20 0 0. 2405.20 73.80 8.00 11.60 1.26 1022.60 280.50 2331.40 -34.92 26.52 -1.30 27.11
2015 6 21 0 0. 2403.00 71.60 7.60 11.26 1.20 1022.60 280.50 2331.40 -34.36 26.47 -0.38 26.86
2015 6 22 0 0. 2398.70 67.30 8.00 10.58 1.26 1022.60 280.50 2331.40 -33.81 26.41 0.55 26.61
2015 6 23 0 0. 2394.80 63.40 7.80 9.97 1.23 1022.60 280.50 2331.40 -33.25 26.36 1.47 26.36
2015 7 0 0 0. 2394.40 63.00 13.40 9.90 2.11 1022.60 280.40 2331.40 -37.80 26.90 9.30 25.90
2015 7 1 0 0. 2390.00 58.60 10.90 9.21 1.71 1022.60 280.40 2331.40 -37.31 26.86 9.08 25.81
2015 7 2 0 0. 2390.20 58.80 7.80 9.24 1.23 1022.60 280.40 2331.40 -36.82 26.82 8.87 25.72
2015 7 3 0 0. 2386.70 55.30 8.00 8.69 1.26 1022.60 280.40 2331.40 -36.32 26.78 8.65 25.64
2015 7 4 0 0. 2383.70 52.30 8.50 8.22 1.34 1022.60 280.40 2331.40 -35.83 26.74 8.43 25.55
2015 7 5 0 0. 2384.50 53.10 7.70 8.35 1.21 1022.60 280.40 2331.40 -35.34 26.69 8.22 25.46
2015 7 6 0 0. 2383.80 52.40 8.40 8.24 1.32 1022.60 280.40 2331.40 -34.85 26.65 8.00 25.37
2015 7 7 0 0. 2385.90 54.50 7.70 8.57 1.21 1022.60 280.40 2331.40 -34.36 26.61 7.78 25.28
2015 7 8 0 0. 2390.10 58.70 7.90 9.23 1.24 1022.60 280.40 2331.40 -33.87 26.57 7.57 25.19
2015 7 9 0 0. 2390.80 59.40 7.40 9.34 1.16 1022.60 280.40 2331.40 -33.38 26.53 7.35 25.10
2015 7 10 0 0. 2391.40 60.00 7.70 9.43 1.21 1022.60 280.40 2331.40 -32.88 26.49 7.13 25.01
2015 7 11 0 0. 2396.50 65.10 8.40 10.23 1.32 1022.60 280.40 2331.40 -32.39 26.45 6.92 24.92
2015 7 12 0 0. 2387.40 56.00 7.40 8.80 1.16 1022.60 280.40 2331.40 -31.90 26.40 6.70 24.82
2015 7 13 0 0. 2388.10 56.70 7.40 8.91 1.16 1022.60 280.40 2331.40 -31.41 26.36 6.48 24.73
2015 7 14 0 0. 2382.50 51.10 8.00 8.03 1.26 1022.60 280.40 2331.40 -30.92 26.32 6.27 24.64
2015 7 15 0 0. 2383.60 52.20 7.50 8.21 1.18 1022.60 280.40 2331.40 -30.42 26.28 6.05 24.55
2015 7 16 0 0. 2377.00 45.60 7.80 7.17 1.23 1022.60 280.40 2331.40 -29.93 26.24 5.83 24.46
2015 7 17 0 0. 2377.20 45.80 7.00 7.20 1.10 1022.60 280.40 2331.40 -29.44 26.20 5.62 24.36
2015 7 18 0 0. 2380.20 48.80 7.50 7.67 1.18 1022.60 280.40 2331.40 -28.95 26.15 5.40 24.27
2015 7 19 0 0. 2383.20 51.80 7.30 8.14 1.15 1022.60 280.40 2331.40 -28.46 26.11 5.18 24.17
2015 7 20 0 0. 2378.10 46.70 7.70 7.34 1.21 1022.60 280.40 2331.40 -27.97 26.07 4.97 24.08
2015 7 21 0 0. 2375.30 43.90 7.20 6.90 1.13 1022.60 280.40 2331.40 -27.48 26.03 4.75 23.99
2015 7 22 0 0. 2373.80 42.40 7.40 6.67 1.16 1022.60 280.40 2331.40 -26.98 25.98 4.53 23.89
2015 7 23 0 0. 2368.60 37.20 7.40 5.85 1.16 1022.60 280.40 2331.40 -26.49 25.94 4.32 23.80
2015 8 0 0 0. 2373.60 42.30 14.00 6.65 2.20 1022.60 280.30 2331.30 -26.10 26.40 4.40 25.10
2015 8 1 0 0. 2370.30 39.00 10.80 6.13 1.70 1022.60 280.30 2331.30 -25.45 26.36 4.56 25.02
2015 8 2 0 0. 2372.30 41.00 7.70 6.44 1.21 1022.60 280.30 2331.30 -24.80 26.33 4.72 24.93
2015 8 3 0 0. 2372.00 40.70 7.80 6.40 1.23 1022.60 280.30 2331.30 -24.15 26.29 4.88 24.85
2015 8 4 0 0. 2367.10 35.80 8.00 5.63 1.26 1022.60 280.30 2331.30 -23.50 26.25 5.03 24.76
2015 8 5 0 0. 2364.30 33.00 7.50 5.19 1.18 1022.60 280.30 2331.30 -22.85 26.22 5.19 24.68
2015 8 6 0 0. 2366.90 35.60 8.30 5.60 1.30 1022.60 280.30 2331.30 -22.20 26.18 5.35 24.59
2015 8 7 0 0. 2366.60 35.30 7.50 5.55 1.18 1022.60 280.30 2331.30 -21.55 26.14 5.51 24.51
2015 8 8 0 0. 2370.20 38.90 7.80 6.11 1.23 1022.60 280.30 2331.30 -20.90 26.10 5.67 24.42
2015 8 9 0 0. 2370.00 38.70 7.30 6.08 1.15 1022.60 280.30 2331.30 -20.25 26.07 5.83 24.33
2015 8 10 0 0. 2371.70 40.40 7.60 6.35 1.19 1022.60 280.30 2331.30 -19.60 26.03 5.98 24.25
2015 8 11 0 0. 2374.10 42.80 8.30 6.73 1.30 1022.60 280.30 2331.30 -18.95 25.99 6.14 24.16
2015 8 12 0 0. 2372.70 41.40 7.40 6.51 1.16 1022.60 280.30 2331.30 -18.30 25.95 6.30 24.07
2015 8 13 0 0. 2374.50 43.20 7.30 6.79 1.15 1022.60 280.30 2331.30 -17.65 25.92 6.46 23.99
2015 8 14 0 0. 2375.10 43.80 8.00 6.88 1.26 1022.60 280.30 2331.30 -17.00 25.88 6.62 23.90
2015 8 15 0 0. 2380.90 49.60 7.30 7.80 1.15 1022.60 280.30 2331.30 -16.35 25.84 6.78 23.81
2015 8 16 0 0. 2379.40 48.10 7.80 7.56 1.23 1022.60 280.30 2331.30 -15.70 25.80 6.93 23.72
2015 8 17 0 0. 2381.60 50.30 6.90 7.91 1.08 1022.60 280.30 2331.30 -15.05 25.77 7.09 23.63
2015 8 18 0 0. 2381.20 49.90 7.00 7.84 1.10 1022.60 280.30 2331.30 -14.40 25.73 7.25 23.54
2015 8 19 0 0. 2387.70 56.40 7.00 8.86 1.10 1022.60 280.30 2331.30 -13.75 25.69 7.41 23.45
2015 8 20 0 0. 2383.20 51.90 7.50 8.16 1.18 1022.60 280.30 2331.30 -13.10 25.65 7.57 23.36
2015 8 21 0 0. 2386.00 54.70 7.00 8.60 1.10 1022.60 280.30 2331.30 -12.45 25.61 7.73 23.27
2015 8 22 0 0. 2387.70 56.40 7.30 8.86 1.15 1022.60 280.30 2331.30 -11.80 25.58 7.88 23.18
2015 8 23 0 0. 2384.20 52.90 7.40 8.31 1.16 1022.60 280.30 2331.30 -11.15 25.54 8.04 23.09
2015 9 0 0 0. 2386.00 54.70 14.70 8.60 2.31 1022.60 280.30 2331.30 -52.80 27.00 -6.80 27.00
2015 9 1 0 0. 2381.80 50.50 11.30 7.94 1.78 1022.60 280.30 2331.30 -52.03 26.96 -6.65 26.88
2015 9 2 0 0. 2389.30 58.00 8.10 9.12 1.27 1022.60 280.30 2331.30 -51.26 26.91 -6.49 26.76
2015 9 3 0 0. 2389.80 58.50 8.40 9.19 1.32 1022.60 280.30 2331.30 -50.49 26.86 -6.34 26.64
2015 9 4 0 0. 2387.20 55.90 8.60 8.79 1.35 1022.60 280.30 2331.30 -49.72 26.82 -6.18 26.52
2015 9 5 0 0. 2388.40 57.10 7.80 8.97 1.23 1022.60 280.30 2331.30 -48.95 26.77 -6.03 26.40
2015 9 6 0 0. 2382.50 51.20 9.50 8.05 1.49 1022.60 280.30 2331.30 -48.18 26.73 -5.88 26.28
2015 9 7 0 0. 2383.20 51.90 7.90 8.16 1.24 1022.60 280.30 2331.30 -47.40 26.68 -5.72 26.16
2015 9 8 0 0. 2389.90 58.60 7.90 9.21 1.24 1022.60 280.30 2331.30 -46.63 26.64 -5.57 26.04
2015 9 9 0 0. 2389.90 58.60 7.60 9.21 1.19 1022.60 280.30 2331.30 -45.86 26.59 -5.41 25.92
2015 9 10 0 0. 2392.70 61.40 7.70 9.65 1.21 1022.60 280.30 2331.30 -45.09 26.55 -5.26 25.79
2015 9 11 0 0. 2395.30 64.00 8.40 10.06 1.32 1022.60 280.30 2331.30 -44.32 26.50 -5.10 25.67
2015 9 12 0 0. 2392.20 60.90 7.70 9.57 1.21 1022.60 280.30 2331.30 -43.55 26.46 -4.95 25.54
2015 9 13 0 0. 2391.30 60.00 7.20 9.43 1.13 1022.60 280.30 2331.30 -42.78 26.41 -4.80 25.42
2015 9 14 0 0. 2386.90 55.60 8.00 8.74 1.26 1022.60 280.30 2331.30 -42.01 26.36 -4.64 25.29
2015 9 15 0 0. 2384.10 52.80 8.40 8.30 1.32 1022.60 280.30 2331.30 -41.24 26.32 -4.49 25.17
2015 9 16 0 0. 2379.70 48.40 7.80 7.61 1.23 1022.60 280.30 2331.30 -40.47 26.27 -4.33 25.04
2015 9 17 0 0. 2386.00 54.70 7.10 8.60 1.12 1022.60 280.30 2331.30 -39.70 26.23 -4.18 24.91
2015 9 18 0 0. 2383.70 52.40 7.20 8.24 1.13 1022.60 280.30 2331.30 -38.93 26.18 -4.03 24.78
2015 9 19 0 0. 2391.30 60.00 7.20 9.43 1.13 1022.60 280.30 2331.30 -38.15 26.13 -3.87 24.66
2015 9 20 0 0. 2388.10 56.80 7.40 8.93 1.16 1022.60 280.30 2331.30 -37.38 26.09 -3.72 24.53
2015 9 21 0 0. 2389.30 58.00 7.10 9.12 1.12 1022.60 280.30 2331.30 -36.61 26.04 -3.56 24.40
2015 9 22 0 0. 2384.60 53.30 7.50 8.38 1.18 1022.60 280.30 2331.30 -35.84 25.99 -3.41 24.26
2015 9 23 0 0. 2383.90 52.60 7.60 8.27 1.19 1022.60 280.30 2331.30 -35.07 25.95 -3.25 24.13
2015 10 0 0 0. 2384.80 53.50 15.70 8.41 2.47 1022.60 280.20 2331.30 -51.70 26.80 -1.20 27.10
2015 10 1 0 0. 2383.30 52.00 11.30 8.17 1.78 1022.60 280.20 2331.30 -50.69 26.78 -0.96 27.00
2015 10 2 0 0. 2387.40 56.10 8.40 8.81 1.32 1022.60 280.20 2331.30 -49.68 26.75 -0.72 26.91
2015 10 3 0 0. 2387.80 56.50 8.70 8.88 1.37 1022.60 280.20 2331.30 -48.68 26.73 -0.49 26.81
2015 10 4 0 0. 2376.70 45.40 8.10 7.13 1.27 1022.60 280.20 2331.30 -47.67 26.70 -0.25 26.71
2015 10 5 0 0. 2375.20 43.90 7.70 6.90 1.21 1022.60 280.20 2331.30 -46.66 26.68 -0.01 26.62
2015 10 6 0 0. 2372.30 41.00 8.60 6.44 1.35 1022.60 280.20 2331.30 -45.65 26.65 0.23 26.52
2015 10 7 0 0. 2371.30 40.00 7.70 6.28 1.21 1022.60 280.20 2331.30 -44.64 26.63 0.46 26.42
2015 10 8 0 0. 2370.80 39.50 7.90 6.21 1.24 1022.60 280.20 2331.30 -43.63 26.60 0.70 26.32
2015 10 9 0 0. 2372.10 40.80 7.70 6.41 1.21 1022.60 280.20 2331.30 -42.62 26.58 0.94 26.23
2015 10 10 0 0. 2370.20 38.90 7.80 6.11 1.23 1022.60 280.20 2331.30 -41.62 26.55 1.18 26.13
2015 10 11 0 0. 2370.20 38.90 8.40 6.11 1.32 1022.60 280.20 2331.30 -40.61 26.53 1.41 26.03
2015 10 12 0 0. 2363.70 32.40 7.80 5.09 1.23 1022.60 280.20 2331.30 -39.60 26.50 1.65 25.93
2015 10 13 0 0. 2364.70 33.40 7.30 5.25 1.15 1022.60 280.20 2331.30 -38.59 26.48 1.89 25.83
2015 10 14 0 0. 2364.30 33.00 8.10 5.19 1.27 1022.60 280.20 2331.30 -37.58 26.45 2.12 25.73
2015 10 15 0 0. 2361.10 29.80 8.40 4.68 1.32 1022.60 280.20 2331.30 -36.58 26.43 2.36 25.63
2015 10 16 0 0. 2358.20 26.90 7.90 4.23 1.24 1022.60 280.20 2331.30 -35.57 26.40 2.60 25.53
2015 10 17 0 0. 2359.10 27.80 7.20 4.37 1.13 1022.60 280.20 2331.30 -34.56 26.38 2.84 25.42
2015 10 18 0 0. 2358.40 27.10 7.30 4.26 1.15 1022.60 280.20 2331.30 -33.55 26.35 3.08 25.32
2015 10 19 0 0. 2363.90 32.60 7.20 5.12 1.13 1022.60 280.20 2331.30 -32.54 26.33 3.31 25.22
2015 10 20 0 0. 2358.40 27.10 7.70 4.26 1.21 1022.60 280.20 2331.30 -31.53 26.30 3.55 25.12
2015 10 21 0 0. 2361.30 30.00 7.20 4.71 1.13 1022.60 280.20 2331.30 -30.52 26.28 3.79 25.01
2015 10 22 0 0. 2359.80 28.50 7.60 4.48 1.19 1022.60 280.20 2331.30 -29.52 26.25 4.03 24.91
2015 10 23 0 0. 2363.10 31.80 7.70 5.00 1.21 1022.60 280.20 2331.30 -28.51 26.23 4.26 24.80
2015 11 0 0 0. 2370.30 39.10 15.30 6.14 2.40 1022.50 280.20 2331.20 -50.00 26.60 -3.80 26.70
2015 11 1 0 0. 2367.80 36.60 10.20 5.75 1.60 1022.50 280.20 2331.20 -48.66 26.55 -3.50 26.55
2015 11 2 0 0. 2372.60 41.40 8.10 6.50 1.27 1022.50 280.20 2331.20 -47.33 26.49 -3.21 26.40
2015 11 3 0 0. 2373.00 41.80 8.50 6.57 1.34 1022.50 280.20 2331.20 -45.99 26.44 -2.91 26.24
2015 11 4 0 0. 2367.00 35.80 8.00 5.62 1.26 1022.50 280.20 2331.20 -44.65 26.39 -2.62 26.09
2015 11 5 0 0. 2362.70 31.50 7.50 4.95 1.18 1022.50 280.20 2331.20 -43.31 26.33 -2.32 25.94
2015 11 6 0 0. 2366.90 35.70 8.40 5.61 1.32 1022.50 280.20 2331.20 -41.98 26.28 -2.02 25.78
2015 11 7 0 0. 2374.80 43.60 7.60 6.85 1.19 1022.50 280.20 2331.20 -40.64 26.23 -1.73 25.62
2015 11 8 0 0. 2376.50 45.30 7.90 7.12 1.24 1022.50 280.20 2331.20 -39.30 26.17 -1.43 25.47
2015 11 9 0 0. 2374.60 43.40 7.60 6.82 1.19 1022.50 280.20 2331.20 -37.96 26.12 -1.14 25.31
2015 11 10 0 0. 2376.50 45.30 7.70 7.12 1.21 1022.50 280.20 2331.20 -36.62 26.07 -0.84 25.15
2015 11 11 0 0. 2377.60 46.40 8.10 7.29 1.27 1022.50 280.20 2331.20 -35.29 26.01 -0.55 24.99
2015 11 12 0 0. 2377.50 46.30 7.70 7.27 1.21 1022.50 280.20 2331.20 -33.95 25.96 -0.25 24.83
2015 11 13 0 0. 2382.00 50.80 6.90 7.98 1.08 1022.50 280.20 2331.20 -32.61 25.90 0.05 24.66
2015 11 14 0 0. 2385.40 54.20 7.40 8.52 1.16 1022.50 280.20 2331.20 -31.27 25.85 0.34 24.50
2015 11 15 0 0. 2387.90 56.70 7.20 8.91 1.13 1022.50 280.20 2331.20 -29.94 25.80 0.64 24.34
2015 11 16 0 0. 2382.50 51.30 7.70 8.06 1.21 1022.50 280.20 2331.20 -28.60 25.74 0.93 24.17
2015 11 17 0 0. 2384.10 52.90 6.90 8.31 1.08 1022.50 280.20 2331.20 -27.26 25.69 1.23 24.00
2015 11 18 0 0. 2386.30 55.10 7.00 8.66 1.10 1022.50 280.20 2331.20 -25.92 25.63 1.52 23.83
2015 11 19 0 0. 2389.80 58.60 7.00 9.21 1.10 1022.50 280.20 2331.20 -24.59 25.58 1.82 23.67
2015 11 20 0 0. 2385.60 54.40 7.10 8.55 1.12 1022.50 280.20 2331.20 -23.25 25.52 2.12 23.49
2015 11 21 0 0. 2392.20 61.00 6.90 9.58 1.08 1022.50 280.20 2331.20 -21.91 25.47 2.41 23.32
2015 11 22 0 0. 2389.90 58.70 7.30 9.22 1.15 1022.50 280.20 2331.20 -20.57 25.41 2.71 23.15
2015 11 23 0 0. 2392.40 61.20 7.10 9.62 1.12 1022.50 280.20 2331.20 -19.24 25.36 3.00 22.98
2015 12 0 0 0. 2401.50 70.40 16.30 11.06 2.56 1022.50 280.10 2331.10 -45.20 27.50 -7.70 28.10
2015 12 1 0 0. 2406.10 75.00 10.50 11.78 1.65 1022.50 280.10 2331.10 -44.77 27.46 -7.45 27.95
2015 12 2 0 0. 2408.30 77.20 8.50 12.13 1.34 1022.50 280.10 2331.10 -44.33 27.43 -7.20 27.80
2015 12 3 0 0. 2410.80 79.70 9.10 12.52 1.43 1022.50 280.10 2331.10 -43.90 27.39 -6.95 27.65
2015 12 4 0 0. 2407.60 76.50 8.40 12.02 1.32 1022.50 280.10 2331.10 -43.47 27.35 -6.70 27.50
2015 12 5 0 0. 2404.50 73.40 8.10 11.53 1.27 1022.50 280.10 2331.10 -43.03 27.31 -6.45 27.35
2015 12 6 0 0. 2404.20 73.10 8.70 11.48 1.37 1022.50 280.10 2331.10 -42.60 27.28 -6.20 27.20
2015 12 7 0 0. 2405.80 74.70 8.20 11.73 1.29 1022.50 280.10 2331.10 -42.17 27.24 -5.95 27.05
2015 12 8 0 0. 2409.10 78.00 8.10 12.25 1.27 1022.50 280.10 2331.10 -41.73 27.20 -5.70 26.89
2015 12 9 0 0. 2413.80 82.70 8.10 12.99 1.27 1022.50 280.10 2331.10 -41.30 27.17 -5.45 26.74
2015 12 10 0 0. 2418.90 87.80 8.10 13.79 1.27 1022.50 280.10 2331.10 -40.87 27.13 -5.20 26.58
2015 12 11 0 0. 2423.30 92.20 8.40 14.48 1.32 1022.50 280.10 2331.10 -40.43 27.09 -4.95 26.43
2015 12 12 0 0. 2423.30 92.20 8.30 14.48 1.30 1022.50 280.10 2331.10 -40.00 27.05 -4.70 26.27
2015 12 13 0 0. 2428.40 97.30 7.30 15.28 1.15 1022.50 280.10 2331.10 -39.57 27.02 -4.45 26.11
2015 12 14 0 0. 2435.50 104.40 8.30 16.40 1.30 1022.50 280.10 2331.10 -39.13 26.98 -4.20 25.95
2015 12 15 0 0. 2446.10 115.00 8.40 18.06 1.32 1022.50 280.10 2331.10 -38.70 26.94 -3.95 25.79
2015 12 16 0 0. 2443.70 112.60 8.10 17.69 1.27 1022.50 280.10 2331.10 -38.27 26.90 -3.70 25.63
2015 12 17 0 0. 2438.20 107.10 7.50 16.82 1.18 1022.50 280.10 2331.10 -37.83 26.87 -3.45 25.47
2015 12 18 0 0. 2441.90 110.80 7.50 17.40 1.18 1022.50 280.10 2331.10 -37.40 26.83 -3.20 25.30
2015 12 19 0 0. 2446.90 115.80 7.50 18.19 1.18 1022.50 280.10 2331.10 -36.97 26.79 -2.95 25.14
2015 12 20 0 0. 2446.10 115.00 7.60 18.06 1.19 1022.50 280.10 2331.10 -36.53 26.75 -2.70 24.97
2015 12 21 0 0. 2440.70 109.60 7.40 17.22 1.16 1022.50 280.10 2331.10 -36.10 26.71 -2.45 24.81
2015 12 22 0 0. 2444.50 113.40 7.70 17.81 1.21 1022.50 280.10 2331.10 -35.67 26.68 -2.20 24.64
2015 12 23 0 0. 2448.00 116.90 7.60 18.36 1.19 1022.50 280.10 2331.10 -35.23 26.64 -1.95 24.47
2015 13 0 0 0. 2449.50 118.40 16.40 18.60 2.58 1022.50 280.10 2331.10 -52.00 27.10 9.20 27.50
2015 13 1 0 0. 2458.30 127.20 10.00 19.98 1.57 1022.50 280.10 2331.10 -50.78 27.05 9.48 27.34
2015 13 2 0 0. 2463.90 132.80 8.20 20.86 1.29 1022.50 280.10 2331.10 -49.57 27.00 9.76 27.18
2015 13 3 0 0. 2460.80 129.70 9.10 20.37 1.43 1022.50 280.10 2331.10 -48.35 26.95 10.04 27.02
2015 13 4 0 0. 2471.90 140.80 8.20 22.12 1.29 1022.50 280.10 2331.10 -47.13 26.90 10.32 26.86
2015 13 5 0 0. 2475.90 144.80 8.20 22.75 1.29 1022.50 280.10 2331.10 -45.92 26.85 10.60 26.70
2015 13 6 0 0. 2477.00 145.90 8.50 22.92 1.34 1022.50 280.10 2331.10 -44.70 26.81 10.88 26.53
2015 13 7 0 0. 2476.80 145.70 8.00 22.89 1.26 1022.50 280.10 2331.10 -43.48 26.76 11.15 26.37
2015 13 8 0 0. 2480.60 149.50 7.80 23.48 1.23 1022.50 280.10 2331.10 -42.27 26.71 11.43 26.20
2015 13 9 0 0. 2479.80 148.70 7.90 23.36 1.24 1022.50 280.10 2331.10 -41.05 26.66 11.71 26.04
2015 13 10 0 0. 2481.10 150.00 8.00 23.56 1.26 1022.50 280.10 2331.10 -39.83 26.61 11.99 25.87
2015 13 11 0 0. 2480.90 149.80 8.10 23.53 1.27 1022.50 280.10 2331.10 -38.62 26.56 12.27 25.70
2015 13 12 0 0. 2481.30 150.20 8.30 23.59 1.30 1022.50 280.10 2331.10 -37.40 26.51 12.55 25.53
2015 13 13 0 0. 2480.00 148.90 7.20 23.39 1.13 1022.50 280.10 2331.10 -36.18 26.46 12.83 25.36
2015 13 14 0 0. 2484.10 153.00 7.50 24.03 1.18 1022.50 280.10 2331.10 -34.97 26.41 13.11 25.19
2015 13 15 0 0. 2485.40 154.30 7.50 24.24 1.18 1022.50 280.10 2331.10 -33.75 26.36 13.39 25.02
2015 13 16 0 0. 2485.00 153.90 7.80 24.17 1.23 1022.50 280.10 2331.10 -32.53 26.31 13.67 24.84
2015 13 17 0 0. 2483.10 152.00 7.30 23.88 1.15 1022.50 280.10 2331.10 -31.32 26.26 13.95 24.67
2015 13 18 0 0. 2482.30 151.20 7.40 23.75 1.16 1022.50 280.10 2331.10 -30.10 26.21 14.22 24.49
2015 13 19 0 0. 2481.50 150.40 7.30 23.63 1.15 1022.50 280.10 2331.10 -28.88 26.15 14.50 24.31
2015 13 20 0 0. 2472.20 141.10 7.20 22.16 1.13 1022.50 280.10 2331.10 -27.67 26.10 14.78 24.13
2015 13 21 0 0. 2470.70 139.60 7.30 21.93 1.15 1022.50 280.10 2331.10 -26.45 26.05 15.06 23.95
2015 13 22 0 0. 2468.30 137.20 7.50 21.55 1.18 1022.50 280.10 2331.10 -25.23 26.00 15.34 23.77
2015 13 23 0 0. 2464.40 133.30 7.50 20.94 1.18 1022.50 280.10 2331.10 -24.02 25.95 15.62 23.59
